1 3 78
2 18 73
3 19 90
4 35 54
5 43 71
6 51 127
7 71 113
8 92 137
9 98 50
10 106 121
11 107 60
12 117 105
13 163 69
14 176 64
15 198 72
16 201 73
17 217 54
18 227 131
19 231 110
20 250 113
21 256 136
22 269 108
23 272 99
24 273 99
25 296 97
26 302 81
27 306 51
28 314 106
29 320 85
30 327 82
31 331 133
32 333 87
33 336 106
34 362 75
35 386 76
36 394 143
37 406 112
38 418 132
39 419 51
40 420 51
41 456 65
42 463 56
43 479 96
44 491 56
45 516 118
46 521 59
47 534 84
48 595 135
49 602 58
50 609 147
51 617 113
52 631 62
53 637 107
54 648 130
55 667 89
56 668 139
57 688 130
58 695 140
59 701 99
60 707 132
61 708 98
62 712 143
63 715 76
64 721 127
65 721 88
66 724 64
67 730 117
68 738 114
69 762 119
70 773 112
71 776 141
72 778 86
73 786 64
74 789 118
75 800 83
76 820 112
77 838 83
78 839 83
79 847 105
80 860 123
81 869 62
82 880 94
83 882 71
84 884 104
85 894 77
86 897 81
87 899 93
88 911 133
89 916 63
90 918 101
91 926 97
92 929 147
93 933 147
94 945 145
95 946 62
96 949 108
97 965 51
98 972 117
99 976 71
100 983 70
