Read data from file /home/derrick/study/operating-system-project/lab3_banker_algorithm/data/example_3.json.
Current state of the system resources:
Total: [60 70 55 80 65 75 68 50 72 60 85 70 66 90 88 74]
Allocated:
[[2 3 1 4 2 3 2 2 1 2 3 2 2 3 1 2]
 [4 2 2 3 1 1 3 2 2 3 2 2 2 2 1 2]
 [3 4 3 2 2 2 2 1 3 2 3 3 2 1 2 2]
 [2 1 1 1 3 3 2 3 2 1 2 2 1 1 1 3]
 [1 3 2 4 3 3 3 2 2 3 1 2 2 2 2 2]
 [4 2 1 2 2 2 1 1 3 2 3 3 3 3 2 2]
 [2 2 3 1 2 1 2 3 1 2 1 2 1 2 3 3]
 [3 2 1 3 1 2 3 2 2 1 3 1 2 1 1 1]
 [3 1 2 2 3 3 2 2 1 3 2 1 3 3 2 3]
 [1 2 2 3 2 2 2 1 3 2 3 3 1 2 1 1]
 [2 3 1 2 2 2 2 1 2 3 2 2 3 2 2 2]
 [3 1 2 1 3 1 1 2 2 2 3 2 2 1 1 3]
 [2 2 2 2 2 2 2 3 3 1 1 3 1 3 3 2]
 [3 3 2 2 1 3 1 2 1 2 2 3 3 2 2 2]
 [2 2 3 3 2 3 3 3 3 2 3 2 3 1 2 2]
 [1 1 2 1 1 2 2 2 2 1 1 2 2 3 2 1]
 [4 3 1 2 2 3 1 1 1 3 2 3 2 2 2 3]
 [2 2 1 2 3 2 2 3 3 2 1 1 3 2 3 2]
 [3 1 3 1 2 1 3 2 2 2 2 2 2 3 1 2]
 [1 2 2 3 2 2 3 3 1 1 1 1 1 2 2 3]]
Maximum demand:
[[6 4 4 7 3 5 5 3 4 4 5 4 3 5 4 4]
 [5 4 3 5 2 2 4 3 3 4 4 3 3 3 2 3]
 [7 5 5 5 4 3 4 2 5 4 5 5 4 3 3 3]
 [4 3 2 3 5 5 4 4 3 2 3 3 2 2 2 4]
 [3 4 3 5 4 4 4 3 3 5 2 4 3 3 3 3]
 [6 3 2 4 3 3 3 2 5 3 5 5 5 4 3 3]
 [3 3 5 2 4 2 3 4 3 4 3 3 2 4 5 4]
 [5 3 2 5 2 3 4 3 3 2 4 3 3 2 2 2]
 [4 2 3 3 5 5 3 3 2 5 4 3 5 4 3 4]
 [2 3 3 4 3 3 3 2 4 3 5 5 2 3 2 2]
 [3 4 2 5 3 2 4 2 3 4 4 3 4 3 3 3]
 [4 2 3 2 5 2 2 3 3 3 5 4 3 2 2 4]
 [3 3 4 3 4 4 3 4 4 2 2 5 2 5 5 3]
 [5 4 3 3 2 4 2 3 2 3 3 5 5 3 3 3]
 [4 3 5 5 3 4 4 4 5 3 5 3 5 2 3 3]
 [3 2 3 3 2 3 3 3 3 2 3 3 3 5 3 2]
 [6 4 2 3 3 4 2 2 2 4 4 4 3 3 3 4]
 [3 3 2 3 4 3 3 4 4 3 2 2 4 3 4 3]
 [4 2 4 2 3 2 4 3 3 3 3 3 3 5 2 3]
 [2 3 3 4 3 3 4 4 2 2 2 2 2 3 3 4]]
Need:
[[4 1 3 3 1 2 3 1 3 2 2 2 1 2 3 2]
 [1 2 1 2 1 1 1 1 1 1 2 1 1 1 1 1]
 [4 1 2 3 2 1 2 1 2 2 2 2 2 2 1 1]
 [2 2 1 2 2 2 2 1 1 1 1 1 1 1 1 1]
 [2 1 1 1 1 1 1 1 1 2 1 2 1 1 1 1]
 [2 1 1 2 1 1 2 1 2 1 2 2 2 1 1 1]
 [1 1 2 1 2 1 1 1 2 2 2 1 1 2 2 1]
 [2 1 1 2 1 1 1 1 1 1 1 2 1 1 1 1]
 [1 1 1 1 2 2 1 1 1 2 2 2 2 1 1 1]
 [1 1 1 1 1 1 1 1 1 1 2 2 1 1 1 1]
 [1 1 1 3 1 0 2 1 1 1 2 1 1 1 1 1]
 [1 1 1 1 2 1 1 1 1 1 2 2 1 1 1 1]
 [1 1 2 1 2 2 1 1 1 1 1 2 1 2 2 1]
 [2 1 1 1 1 1 1 1 1 1 1 2 2 1 1 1]
 [2 1 2 2 1 1 1 1 2 1 2 1 2 1 1 1]
 [2 1 1 2 1 1 1 1 1 1 2 1 1 2 1 1]
 [2 1 1 1 1 1 1 1 1 1 2 1 1 1 1 1]
 [1 1 1 1 1 1 1 1 1 1 1 1 1 1 1 1]
 [1 1 1 1 1 1 1 1 1 1 1 1 1 2 1 1]
 [1 1 1 1 1 1 1 1 1 1 1 1 1 1 1 1]]
Available: [12 28 18 36 24 32 26  9 32 20 44 28 25 49 52 31]
------------------------------------------------------------
Process 0 is requesting resources: [1 1 1 1 0 0 1 1 0 1 1 1 0 1 1 1]
Beginning system safety check...
Initial Work (Available Resources): [11, 27, 17, 35, 24, 32, 25, 8, 32, 19, 43, 27, 25, 48, 51, 30]
Process 0 can proceed. Need: [3, 0, 2, 2, 1, 2, 2, 0, 3, 1, 1, 1, 1, 1, 2, 1], Work: [11, 27, 17, 35, 24, 32, 25, 8, 32, 19, 43, 27, 25, 48, 51, 30]
Process 0 has finished. Updated Work: [14, 31, 19, 40, 26, 35, 28, 11, 33, 22, 47, 30, 27, 52, 53, 33]
Process 1 can proceed. Need: [1, 2, 1, 2, 1, 1, 1, 1, 1, 1, 2, 1, 1, 1, 1, 1], Work: [14, 31, 19, 40, 26, 35, 28, 11, 33, 22, 47, 30, 27, 52, 53, 33]
Process 1 has finished. Updated Work: [18, 33, 21, 43, 27, 36, 31, 13, 35, 25, 49, 32, 29, 54, 54, 35]
Process 2 can proceed. Need: [4, 1, 2, 3, 2, 1, 2, 1, 2, 2, 2, 2, 2, 2, 1, 1], Work: [18, 33, 21, 43, 27, 36, 31, 13, 35, 25, 49, 32, 29, 54, 54, 35]
Process 2 has finished. Updated Work: [21, 37, 24, 45, 29, 38, 33, 14, 38, 27, 52, 35, 31, 55, 56, 37]
Process 3 can proceed. Need: [2, 2, 1, 2, 2, 2, 2, 1, 1, 1, 1, 1, 1, 1, 1, 1], Work: [21, 37, 24, 45, 29, 38, 33, 14, 38, 27, 52, 35, 31, 55, 56, 37]
Process 3 has finished. Updated Work: [23, 38, 25, 46, 32, 41, 35, 17, 40, 28, 54, 37, 32, 56, 57, 40]
Process 4 can proceed. Need: [2, 1, 1, 1, 1, 1, 1, 1, 1, 2, 1, 2, 1, 1, 1, 1], Work: [23, 38, 25, 46, 32, 41, 35, 17, 40, 28, 54, 37, 32, 56, 57, 40]
Process 4 has finished. Updated Work: [24, 41, 27, 50, 35, 44, 38, 19, 42, 31, 55, 39, 34, 58, 59, 42]
Process 5 can proceed. Need: [2, 1, 1, 2, 1, 1, 2, 1, 2, 1, 2, 2, 2, 1, 1, 1], Work: [24, 41, 27, 50, 35, 44, 38, 19, 42, 31, 55, 39, 34, 58, 59, 42]
Process 5 has finished. Updated Work: [28, 43, 28, 52, 37, 46, 39, 20, 45, 33, 58, 42, 37, 61, 61, 44]
Process 6 can proceed. Need: [1, 1, 2, 1, 2, 1, 1, 1, 2, 2, 2, 1, 1, 2, 2, 1], Work: [28, 43, 28, 52, 37, 46, 39, 20, 45, 33, 58, 42, 37, 61, 61, 44]
Process 6 has finished. Updated Work: [30, 45, 31, 53, 39, 47, 41, 23, 46, 35, 59, 44, 38, 63, 64, 47]
Process 7 can proceed. Need: [2, 1, 1, 2, 1, 1, 1, 1, 1, 1, 1, 2, 1, 1, 1, 1], Work: [30, 45, 31, 53, 39, 47, 41, 23, 46, 35, 59, 44, 38, 63, 64, 47]
Process 7 has finished. Updated Work: [33, 47, 32, 56, 40, 49, 44, 25, 48, 36, 62, 45, 40, 64, 65, 48]
Process 8 can proceed. Need: [1, 1, 1, 1, 2, 2, 1, 1, 1, 2, 2, 2, 2, 1, 1, 1], Work: [33, 47, 32, 56, 40, 49, 44, 25, 48, 36, 62, 45, 40, 64, 65, 48]
Process 8 has finished. Updated Work: [36, 48, 34, 58, 43, 52, 46, 27, 49, 39, 64, 46, 43, 67, 67, 51]
Process 9 can proceed. Need: [1, 1, 1, 1, 1, 1, 1, 1, 1, 1, 2, 2, 1, 1, 1, 1], Work: [36, 48, 34, 58, 43, 52, 46, 27, 49, 39, 64, 46, 43, 67, 67, 51]
Process 9 has finished. Updated Work: [37, 50, 36, 61, 45, 54, 48, 28, 52, 41, 67, 49, 44, 69, 68, 52]
Process 10 can proceed. Need: [1, 1, 1, 3, 1, 0, 2, 1, 1, 1, 2, 1, 1, 1, 1, 1], Work: [37, 50, 36, 61, 45, 54, 48, 28, 52, 41, 67, 49, 44, 69, 68, 52]
Process 10 has finished. Updated Work: [39, 53, 37, 63, 47, 56, 50, 29, 54, 44, 69, 51, 47, 71, 70, 54]
Process 11 can proceed. Need: [1, 1, 1, 1, 2, 1, 1, 1, 1, 1, 2, 2, 1, 1, 1, 1], Work: [39, 53, 37, 63, 47, 56, 50, 29, 54, 44, 69, 51, 47, 71, 70, 54]
Process 11 has finished. Updated Work: [42, 54, 39, 64, 50, 57, 51, 31, 56, 46, 72, 53, 49, 72, 71, 57]
Process 12 can proceed. Need: [1, 1, 2, 1, 2, 2, 1, 1, 1, 1, 1, 2, 1, 2, 2, 1], Work: [42, 54, 39, 64, 50, 57, 51, 31, 56, 46, 72, 53, 49, 72, 71, 57]
Process 12 has finished. Updated Work: [44, 56, 41, 66, 52, 59, 53, 34, 59, 47, 73, 56, 50, 75, 74, 59]
Process 13 can proceed. Need: [2, 1, 1, 1, 1, 1, 1, 1, 1, 1, 1, 2, 2, 1, 1, 1], Work: [44, 56, 41, 66, 52, 59, 53, 34, 59, 47, 73, 56, 50, 75, 74, 59]
Process 13 has finished. Updated Work: [47, 59, 43, 68, 53, 62, 54, 36, 60, 49, 75, 59, 53, 77, 76, 61]
Process 14 can proceed. Need: [2, 1, 2, 2, 1, 1, 1, 1, 2, 1, 2, 1, 2, 1, 1, 1], Work: [47, 59, 43, 68, 53, 62, 54, 36, 60, 49, 75, 59, 53, 77, 76, 61]
Process 14 has finished. Updated Work: [49, 61, 46, 71, 55, 65, 57, 39, 63, 51, 78, 61, 56, 78, 78, 63]
Process 15 can proceed. Need: [2, 1, 1, 2, 1, 1, 1, 1, 1, 1, 2, 1, 1, 2, 1, 1], Work: [49, 61, 46, 71, 55, 65, 57, 39, 63, 51, 78, 61, 56, 78, 78, 63]
Process 15 has finished. Updated Work: [50, 62, 48, 72, 56, 67, 59, 41, 65, 52, 79, 63, 58, 81, 80, 64]
Process 16 can proceed. Need: [2, 1, 1, 1, 1, 1, 1, 1, 1, 1, 2, 1, 1, 1, 1, 1], Work: [50, 62, 48, 72, 56, 67, 59, 41, 65, 52, 79, 63, 58, 81, 80, 64]
Process 16 has finished. Updated Work: [54, 65, 49, 74, 58, 70, 60, 42, 66, 55, 81, 66, 60, 83, 82, 67]
Process 17 can proceed. Need: [1, 1, 1, 1, 1, 1, 1, 1, 1, 1, 1, 1, 1, 1, 1, 1], Work: [54, 65, 49, 74, 58, 70, 60, 42, 66, 55, 81, 66, 60, 83, 82, 67]
Process 17 has finished. Updated Work: [56, 67, 50, 76, 61, 72, 62, 45, 69, 57, 82, 67, 63, 85, 85, 69]
Process 18 can proceed. Need: [1, 1, 1, 1, 1, 1, 1, 1, 1, 1, 1, 1, 1, 2, 1, 1], Work: [56, 67, 50, 76, 61, 72, 62, 45, 69, 57, 82, 67, 63, 85, 85, 69]
Process 18 has finished. Updated Work: [59, 68, 53, 77, 63, 73, 65, 47, 71, 59, 84, 69, 65, 88, 86, 71]
Process 19 can proceed. Need: [1, 1, 1, 1, 1, 1, 1, 1, 1, 1, 1, 1, 1, 1, 1, 1], Work: [59, 68, 53, 77, 63, 73, 65, 47, 71, 59, 84, 69, 65, 88, 86, 71]
Process 19 has finished. Updated Work: [60, 70, 55, 80, 65, 75, 68, 50, 72, 60, 85, 70, 66, 90, 88, 74]
The system will be in a safe state. Safe sequence: [0, 1, 2, 3, 4, 5, 6, 7, 8, 9, 10, 11, 12, 13, 14, 15, 16, 17, 18, 19]
Request accepted. Allocation successful.
Current state of the system resources:
Total: [60 70 55 80 65 75 68 50 72 60 85 70 66 90 88 74]
Allocated:
[[3 4 2 5 2 3 3 3 1 3 4 3 2 4 2 3]
 [4 2 2 3 1 1 3 2 2 3 2 2 2 2 1 2]
 [3 4 3 2 2 2 2 1 3 2 3 3 2 1 2 2]
 [2 1 1 1 3 3 2 3 2 1 2 2 1 1 1 3]
 [1 3 2 4 3 3 3 2 2 3 1 2 2 2 2 2]
 [4 2 1 2 2 2 1 1 3 2 3 3 3 3 2 2]
 [2 2 3 1 2 1 2 3 1 2 1 2 1 2 3 3]
 [3 2 1 3 1 2 3 2 2 1 3 1 2 1 1 1]
 [3 1 2 2 3 3 2 2 1 3 2 1 3 3 2 3]
 [1 2 2 3 2 2 2 1 3 2 3 3 1 2 1 1]
 [2 3 1 2 2 2 2 1 2 3 2 2 3 2 2 2]
 [3 1 2 1 3 1 1 2 2 2 3 2 2 1 1 3]
 [2 2 2 2 2 2 2 3 3 1 1 3 1 3 3 2]
 [3 3 2 2 1 3 1 2 1 2 2 3 3 2 2 2]
 [2 2 3 3 2 3 3 3 3 2 3 2 3 1 2 2]
 [1 1 2 1 1 2 2 2 2 1 1 2 2 3 2 1]
 [4 3 1 2 2 3 1 1 1 3 2 3 2 2 2 3]
 [2 2 1 2 3 2 2 3 3 2 1 1 3 2 3 2]
 [3 1 3 1 2 1 3 2 2 2 2 2 2 3 1 2]
 [1 2 2 3 2 2 3 3 1 1 1 1 1 2 2 3]]
Maximum demand:
[[6 4 4 7 3 5 5 3 4 4 5 4 3 5 4 4]
 [5 4 3 5 2 2 4 3 3 4 4 3 3 3 2 3]
 [7 5 5 5 4 3 4 2 5 4 5 5 4 3 3 3]
 [4 3 2 3 5 5 4 4 3 2 3 3 2 2 2 4]
 [3 4 3 5 4 4 4 3 3 5 2 4 3 3 3 3]
 [6 3 2 4 3 3 3 2 5 3 5 5 5 4 3 3]
 [3 3 5 2 4 2 3 4 3 4 3 3 2 4 5 4]
 [5 3 2 5 2 3 4 3 3 2 4 3 3 2 2 2]
 [4 2 3 3 5 5 3 3 2 5 4 3 5 4 3 4]
 [2 3 3 4 3 3 3 2 4 3 5 5 2 3 2 2]
 [3 4 2 5 3 2 4 2 3 4 4 3 4 3 3 3]
 [4 2 3 2 5 2 2 3 3 3 5 4 3 2 2 4]
 [3 3 4 3 4 4 3 4 4 2 2 5 2 5 5 3]
 [5 4 3 3 2 4 2 3 2 3 3 5 5 3 3 3]
 [4 3 5 5 3 4 4 4 5 3 5 3 5 2 3 3]
 [3 2 3 3 2 3 3 3 3 2 3 3 3 5 3 2]
 [6 4 2 3 3 4 2 2 2 4 4 4 3 3 3 4]
 [3 3 2 3 4 3 3 4 4 3 2 2 4 3 4 3]
 [4 2 4 2 3 2 4 3 3 3 3 3 3 5 2 3]
 [2 3 3 4 3 3 4 4 2 2 2 2 2 3 3 4]]
Need:
[[3 0 2 2 1 2 2 0 3 1 1 1 1 1 2 1]
 [1 2 1 2 1 1 1 1 1 1 2 1 1 1 1 1]
 [4 1 2 3 2 1 2 1 2 2 2 2 2 2 1 1]
 [2 2 1 2 2 2 2 1 1 1 1 1 1 1 1 1]
 [2 1 1 1 1 1 1 1 1 2 1 2 1 1 1 1]
 [2 1 1 2 1 1 2 1 2 1 2 2 2 1 1 1]
 [1 1 2 1 2 1 1 1 2 2 2 1 1 2 2 1]
 [2 1 1 2 1 1 1 1 1 1 1 2 1 1 1 1]
 [1 1 1 1 2 2 1 1 1 2 2 2 2 1 1 1]
 [1 1 1 1 1 1 1 1 1 1 2 2 1 1 1 1]
 [1 1 1 3 1 0 2 1 1 1 2 1 1 1 1 1]
 [1 1 1 1 2 1 1 1 1 1 2 2 1 1 1 1]
 [1 1 2 1 2 2 1 1 1 1 1 2 1 2 2 1]
 [2 1 1 1 1 1 1 1 1 1 1 2 2 1 1 1]
 [2 1 2 2 1 1 1 1 2 1 2 1 2 1 1 1]
 [2 1 1 2 1 1 1 1 1 1 2 1 1 2 1 1]
 [2 1 1 1 1 1 1 1 1 1 2 1 1 1 1 1]
 [1 1 1 1 1 1 1 1 1 1 1 1 1 1 1 1]
 [1 1 1 1 1 1 1 1 1 1 1 1 1 2 1 1]
 [1 1 1 1 1 1 1 1 1 1 1 1 1 1 1 1]]
Available: [11 27 17 35 24 32 25  8 32 19 43 27 25 48 51 30]
------------------------------------------------------------
Process 1 is requesting resources: [2 3 2 2 1 2 2 2 2 1 1 1 1 1 2 2]
Process 1 is requesting more than its maximum demand:
Request: [2 3 2 2 1 2 2 2 2 1 1 1 1 1 2 2]
Need:    [1 2 1 2 1 1 1 1 1 1 2 1 1 1 1 1]
Invalid request. Allocation rejected.
Current state of the system resources:
Total: [60 70 55 80 65 75 68 50 72 60 85 70 66 90 88 74]
Allocated:
[[3 4 2 5 2 3 3 3 1 3 4 3 2 4 2 3]
 [4 2 2 3 1 1 3 2 2 3 2 2 2 2 1 2]
 [3 4 3 2 2 2 2 1 3 2 3 3 2 1 2 2]
 [2 1 1 1 3 3 2 3 2 1 2 2 1 1 1 3]
 [1 3 2 4 3 3 3 2 2 3 1 2 2 2 2 2]
 [4 2 1 2 2 2 1 1 3 2 3 3 3 3 2 2]
 [2 2 3 1 2 1 2 3 1 2 1 2 1 2 3 3]
 [3 2 1 3 1 2 3 2 2 1 3 1 2 1 1 1]
 [3 1 2 2 3 3 2 2 1 3 2 1 3 3 2 3]
 [1 2 2 3 2 2 2 1 3 2 3 3 1 2 1 1]
 [2 3 1 2 2 2 2 1 2 3 2 2 3 2 2 2]
 [3 1 2 1 3 1 1 2 2 2 3 2 2 1 1 3]
 [2 2 2 2 2 2 2 3 3 1 1 3 1 3 3 2]
 [3 3 2 2 1 3 1 2 1 2 2 3 3 2 2 2]
 [2 2 3 3 2 3 3 3 3 2 3 2 3 1 2 2]
 [1 1 2 1 1 2 2 2 2 1 1 2 2 3 2 1]
 [4 3 1 2 2 3 1 1 1 3 2 3 2 2 2 3]
 [2 2 1 2 3 2 2 3 3 2 1 1 3 2 3 2]
 [3 1 3 1 2 1 3 2 2 2 2 2 2 3 1 2]
 [1 2 2 3 2 2 3 3 1 1 1 1 1 2 2 3]]
Maximum demand:
[[6 4 4 7 3 5 5 3 4 4 5 4 3 5 4 4]
 [5 4 3 5 2 2 4 3 3 4 4 3 3 3 2 3]
 [7 5 5 5 4 3 4 2 5 4 5 5 4 3 3 3]
 [4 3 2 3 5 5 4 4 3 2 3 3 2 2 2 4]
 [3 4 3 5 4 4 4 3 3 5 2 4 3 3 3 3]
 [6 3 2 4 3 3 3 2 5 3 5 5 5 4 3 3]
 [3 3 5 2 4 2 3 4 3 4 3 3 2 4 5 4]
 [5 3 2 5 2 3 4 3 3 2 4 3 3 2 2 2]
 [4 2 3 3 5 5 3 3 2 5 4 3 5 4 3 4]
 [2 3 3 4 3 3 3 2 4 3 5 5 2 3 2 2]
 [3 4 2 5 3 2 4 2 3 4 4 3 4 3 3 3]
 [4 2 3 2 5 2 2 3 3 3 5 4 3 2 2 4]
 [3 3 4 3 4 4 3 4 4 2 2 5 2 5 5 3]
 [5 4 3 3 2 4 2 3 2 3 3 5 5 3 3 3]
 [4 3 5 5 3 4 4 4 5 3 5 3 5 2 3 3]
 [3 2 3 3 2 3 3 3 3 2 3 3 3 5 3 2]
 [6 4 2 3 3 4 2 2 2 4 4 4 3 3 3 4]
 [3 3 2 3 4 3 3 4 4 3 2 2 4 3 4 3]
 [4 2 4 2 3 2 4 3 3 3 3 3 3 5 2 3]
 [2 3 3 4 3 3 4 4 2 2 2 2 2 3 3 4]]
Need:
[[3 0 2 2 1 2 2 0 3 1 1 1 1 1 2 1]
 [1 2 1 2 1 1 1 1 1 1 2 1 1 1 1 1]
 [4 1 2 3 2 1 2 1 2 2 2 2 2 2 1 1]
 [2 2 1 2 2 2 2 1 1 1 1 1 1 1 1 1]
 [2 1 1 1 1 1 1 1 1 2 1 2 1 1 1 1]
 [2 1 1 2 1 1 2 1 2 1 2 2 2 1 1 1]
 [1 1 2 1 2 1 1 1 2 2 2 1 1 2 2 1]
 [2 1 1 2 1 1 1 1 1 1 1 2 1 1 1 1]
 [1 1 1 1 2 2 1 1 1 2 2 2 2 1 1 1]
 [1 1 1 1 1 1 1 1 1 1 2 2 1 1 1 1]
 [1 1 1 3 1 0 2 1 1 1 2 1 1 1 1 1]
 [1 1 1 1 2 1 1 1 1 1 2 2 1 1 1 1]
 [1 1 2 1 2 2 1 1 1 1 1 2 1 2 2 1]
 [2 1 1 1 1 1 1 1 1 1 1 2 2 1 1 1]
 [2 1 2 2 1 1 1 1 2 1 2 1 2 1 1 1]
 [2 1 1 2 1 1 1 1 1 1 2 1 1 2 1 1]
 [2 1 1 1 1 1 1 1 1 1 2 1 1 1 1 1]
 [1 1 1 1 1 1 1 1 1 1 1 1 1 1 1 1]
 [1 1 1 1 1 1 1 1 1 1 1 1 1 2 1 1]
 [1 1 1 1 1 1 1 1 1 1 1 1 1 1 1 1]]
Available: [11 27 17 35 24 32 25  8 32 19 43 27 25 48 51 30]
------------------------------------------------------------
Process 2 is requesting resources: [3 1 2 3 2 1 2 1 3 1 2 1 1 1 1 1]
Process 2 is requesting more than its maximum demand:
Request: [3 1 2 3 2 1 2 1 3 1 2 1 1 1 1 1]
Need:    [4 1 2 3 2 1 2 1 2 2 2 2 2 2 1 1]
Invalid request. Allocation rejected.
Current state of the system resources:
Total: [60 70 55 80 65 75 68 50 72 60 85 70 66 90 88 74]
Allocated:
[[3 4 2 5 2 3 3 3 1 3 4 3 2 4 2 3]
 [4 2 2 3 1 1 3 2 2 3 2 2 2 2 1 2]
 [3 4 3 2 2 2 2 1 3 2 3 3 2 1 2 2]
 [2 1 1 1 3 3 2 3 2 1 2 2 1 1 1 3]
 [1 3 2 4 3 3 3 2 2 3 1 2 2 2 2 2]
 [4 2 1 2 2 2 1 1 3 2 3 3 3 3 2 2]
 [2 2 3 1 2 1 2 3 1 2 1 2 1 2 3 3]
 [3 2 1 3 1 2 3 2 2 1 3 1 2 1 1 1]
 [3 1 2 2 3 3 2 2 1 3 2 1 3 3 2 3]
 [1 2 2 3 2 2 2 1 3 2 3 3 1 2 1 1]
 [2 3 1 2 2 2 2 1 2 3 2 2 3 2 2 2]
 [3 1 2 1 3 1 1 2 2 2 3 2 2 1 1 3]
 [2 2 2 2 2 2 2 3 3 1 1 3 1 3 3 2]
 [3 3 2 2 1 3 1 2 1 2 2 3 3 2 2 2]
 [2 2 3 3 2 3 3 3 3 2 3 2 3 1 2 2]
 [1 1 2 1 1 2 2 2 2 1 1 2 2 3 2 1]
 [4 3 1 2 2 3 1 1 1 3 2 3 2 2 2 3]
 [2 2 1 2 3 2 2 3 3 2 1 1 3 2 3 2]
 [3 1 3 1 2 1 3 2 2 2 2 2 2 3 1 2]
 [1 2 2 3 2 2 3 3 1 1 1 1 1 2 2 3]]
Maximum demand:
[[6 4 4 7 3 5 5 3 4 4 5 4 3 5 4 4]
 [5 4 3 5 2 2 4 3 3 4 4 3 3 3 2 3]
 [7 5 5 5 4 3 4 2 5 4 5 5 4 3 3 3]
 [4 3 2 3 5 5 4 4 3 2 3 3 2 2 2 4]
 [3 4 3 5 4 4 4 3 3 5 2 4 3 3 3 3]
 [6 3 2 4 3 3 3 2 5 3 5 5 5 4 3 3]
 [3 3 5 2 4 2 3 4 3 4 3 3 2 4 5 4]
 [5 3 2 5 2 3 4 3 3 2 4 3 3 2 2 2]
 [4 2 3 3 5 5 3 3 2 5 4 3 5 4 3 4]
 [2 3 3 4 3 3 3 2 4 3 5 5 2 3 2 2]
 [3 4 2 5 3 2 4 2 3 4 4 3 4 3 3 3]
 [4 2 3 2 5 2 2 3 3 3 5 4 3 2 2 4]
 [3 3 4 3 4 4 3 4 4 2 2 5 2 5 5 3]
 [5 4 3 3 2 4 2 3 2 3 3 5 5 3 3 3]
 [4 3 5 5 3 4 4 4 5 3 5 3 5 2 3 3]
 [3 2 3 3 2 3 3 3 3 2 3 3 3 5 3 2]
 [6 4 2 3 3 4 2 2 2 4 4 4 3 3 3 4]
 [3 3 2 3 4 3 3 4 4 3 2 2 4 3 4 3]
 [4 2 4 2 3 2 4 3 3 3 3 3 3 5 2 3]
 [2 3 3 4 3 3 4 4 2 2 2 2 2 3 3 4]]
Need:
[[3 0 2 2 1 2 2 0 3 1 1 1 1 1 2 1]
 [1 2 1 2 1 1 1 1 1 1 2 1 1 1 1 1]
 [4 1 2 3 2 1 2 1 2 2 2 2 2 2 1 1]
 [2 2 1 2 2 2 2 1 1 1 1 1 1 1 1 1]
 [2 1 1 1 1 1 1 1 1 2 1 2 1 1 1 1]
 [2 1 1 2 1 1 2 1 2 1 2 2 2 1 1 1]
 [1 1 2 1 2 1 1 1 2 2 2 1 1 2 2 1]
 [2 1 1 2 1 1 1 1 1 1 1 2 1 1 1 1]
 [1 1 1 1 2 2 1 1 1 2 2 2 2 1 1 1]
 [1 1 1 1 1 1 1 1 1 1 2 2 1 1 1 1]
 [1 1 1 3 1 0 2 1 1 1 2 1 1 1 1 1]
 [1 1 1 1 2 1 1 1 1 1 2 2 1 1 1 1]
 [1 1 2 1 2 2 1 1 1 1 1 2 1 2 2 1]
 [2 1 1 1 1 1 1 1 1 1 1 2 2 1 1 1]
 [2 1 2 2 1 1 1 1 2 1 2 1 2 1 1 1]
 [2 1 1 2 1 1 1 1 1 1 2 1 1 2 1 1]
 [2 1 1 1 1 1 1 1 1 1 2 1 1 1 1 1]
 [1 1 1 1 1 1 1 1 1 1 1 1 1 1 1 1]
 [1 1 1 1 1 1 1 1 1 1 1 1 1 2 1 1]
 [1 1 1 1 1 1 1 1 1 1 1 1 1 1 1 1]]
Available: [11 27 17 35 24 32 25  8 32 19 43 27 25 48 51 30]
------------------------------------------------------------
Process 3 is requesting resources: [1 1 1 1 1 1 1 1 1 1 1 1 1 1 1 1]
Beginning system safety check...
Initial Work (Available Resources): [10, 26, 16, 34, 23, 31, 24, 7, 31, 18, 42, 26, 24, 47, 50, 29]
Process 0 can proceed. Need: [3, 0, 2, 2, 1, 2, 2, 0, 3, 1, 1, 1, 1, 1, 2, 1], Work: [10, 26, 16, 34, 23, 31, 24, 7, 31, 18, 42, 26, 24, 47, 50, 29]
Process 0 has finished. Updated Work: [13, 30, 18, 39, 25, 34, 27, 10, 32, 21, 46, 29, 26, 51, 52, 32]
Process 1 can proceed. Need: [1, 2, 1, 2, 1, 1, 1, 1, 1, 1, 2, 1, 1, 1, 1, 1], Work: [13, 30, 18, 39, 25, 34, 27, 10, 32, 21, 46, 29, 26, 51, 52, 32]
Process 1 has finished. Updated Work: [17, 32, 20, 42, 26, 35, 30, 12, 34, 24, 48, 31, 28, 53, 53, 34]
Process 2 can proceed. Need: [4, 1, 2, 3, 2, 1, 2, 1, 2, 2, 2, 2, 2, 2, 1, 1], Work: [17, 32, 20, 42, 26, 35, 30, 12, 34, 24, 48, 31, 28, 53, 53, 34]
Process 2 has finished. Updated Work: [20, 36, 23, 44, 28, 37, 32, 13, 37, 26, 51, 34, 30, 54, 55, 36]
Process 3 can proceed. Need: [1, 1, 0, 1, 1, 1, 1, 0, 0, 0, 0, 0, 0, 0, 0, 0], Work: [20, 36, 23, 44, 28, 37, 32, 13, 37, 26, 51, 34, 30, 54, 55, 36]
Process 3 has finished. Updated Work: [23, 38, 25, 46, 32, 41, 35, 17, 40, 28, 54, 37, 32, 56, 57, 40]
Process 4 can proceed. Need: [2, 1, 1, 1, 1, 1, 1, 1, 1, 2, 1, 2, 1, 1, 1, 1], Work: [23, 38, 25, 46, 32, 41, 35, 17, 40, 28, 54, 37, 32, 56, 57, 40]
Process 4 has finished. Updated Work: [24, 41, 27, 50, 35, 44, 38, 19, 42, 31, 55, 39, 34, 58, 59, 42]
Process 5 can proceed. Need: [2, 1, 1, 2, 1, 1, 2, 1, 2, 1, 2, 2, 2, 1, 1, 1], Work: [24, 41, 27, 50, 35, 44, 38, 19, 42, 31, 55, 39, 34, 58, 59, 42]
Process 5 has finished. Updated Work: [28, 43, 28, 52, 37, 46, 39, 20, 45, 33, 58, 42, 37, 61, 61, 44]
Process 6 can proceed. Need: [1, 1, 2, 1, 2, 1, 1, 1, 2, 2, 2, 1, 1, 2, 2, 1], Work: [28, 43, 28, 52, 37, 46, 39, 20, 45, 33, 58, 42, 37, 61, 61, 44]
Process 6 has finished. Updated Work: [30, 45, 31, 53, 39, 47, 41, 23, 46, 35, 59, 44, 38, 63, 64, 47]
Process 7 can proceed. Need: [2, 1, 1, 2, 1, 1, 1, 1, 1, 1, 1, 2, 1, 1, 1, 1], Work: [30, 45, 31, 53, 39, 47, 41, 23, 46, 35, 59, 44, 38, 63, 64, 47]
Process 7 has finished. Updated Work: [33, 47, 32, 56, 40, 49, 44, 25, 48, 36, 62, 45, 40, 64, 65, 48]
Process 8 can proceed. Need: [1, 1, 1, 1, 2, 2, 1, 1, 1, 2, 2, 2, 2, 1, 1, 1], Work: [33, 47, 32, 56, 40, 49, 44, 25, 48, 36, 62, 45, 40, 64, 65, 48]
Process 8 has finished. Updated Work: [36, 48, 34, 58, 43, 52, 46, 27, 49, 39, 64, 46, 43, 67, 67, 51]
Process 9 can proceed. Need: [1, 1, 1, 1, 1, 1, 1, 1, 1, 1, 2, 2, 1, 1, 1, 1], Work: [36, 48, 34, 58, 43, 52, 46, 27, 49, 39, 64, 46, 43, 67, 67, 51]
Process 9 has finished. Updated Work: [37, 50, 36, 61, 45, 54, 48, 28, 52, 41, 67, 49, 44, 69, 68, 52]
Process 10 can proceed. Need: [1, 1, 1, 3, 1, 0, 2, 1, 1, 1, 2, 1, 1, 1, 1, 1], Work: [37, 50, 36, 61, 45, 54, 48, 28, 52, 41, 67, 49, 44, 69, 68, 52]
Process 10 has finished. Updated Work: [39, 53, 37, 63, 47, 56, 50, 29, 54, 44, 69, 51, 47, 71, 70, 54]
Process 11 can proceed. Need: [1, 1, 1, 1, 2, 1, 1, 1, 1, 1, 2, 2, 1, 1, 1, 1], Work: [39, 53, 37, 63, 47, 56, 50, 29, 54, 44, 69, 51, 47, 71, 70, 54]
Process 11 has finished. Updated Work: [42, 54, 39, 64, 50, 57, 51, 31, 56, 46, 72, 53, 49, 72, 71, 57]
Process 12 can proceed. Need: [1, 1, 2, 1, 2, 2, 1, 1, 1, 1, 1, 2, 1, 2, 2, 1], Work: [42, 54, 39, 64, 50, 57, 51, 31, 56, 46, 72, 53, 49, 72, 71, 57]
Process 12 has finished. Updated Work: [44, 56, 41, 66, 52, 59, 53, 34, 59, 47, 73, 56, 50, 75, 74, 59]
Process 13 can proceed. Need: [2, 1, 1, 1, 1, 1, 1, 1, 1, 1, 1, 2, 2, 1, 1, 1], Work: [44, 56, 41, 66, 52, 59, 53, 34, 59, 47, 73, 56, 50, 75, 74, 59]
Process 13 has finished. Updated Work: [47, 59, 43, 68, 53, 62, 54, 36, 60, 49, 75, 59, 53, 77, 76, 61]
Process 14 can proceed. Need: [2, 1, 2, 2, 1, 1, 1, 1, 2, 1, 2, 1, 2, 1, 1, 1], Work: [47, 59, 43, 68, 53, 62, 54, 36, 60, 49, 75, 59, 53, 77, 76, 61]
Process 14 has finished. Updated Work: [49, 61, 46, 71, 55, 65, 57, 39, 63, 51, 78, 61, 56, 78, 78, 63]
Process 15 can proceed. Need: [2, 1, 1, 2, 1, 1, 1, 1, 1, 1, 2, 1, 1, 2, 1, 1], Work: [49, 61, 46, 71, 55, 65, 57, 39, 63, 51, 78, 61, 56, 78, 78, 63]
Process 15 has finished. Updated Work: [50, 62, 48, 72, 56, 67, 59, 41, 65, 52, 79, 63, 58, 81, 80, 64]
Process 16 can proceed. Need: [2, 1, 1, 1, 1, 1, 1, 1, 1, 1, 2, 1, 1, 1, 1, 1], Work: [50, 62, 48, 72, 56, 67, 59, 41, 65, 52, 79, 63, 58, 81, 80, 64]
Process 16 has finished. Updated Work: [54, 65, 49, 74, 58, 70, 60, 42, 66, 55, 81, 66, 60, 83, 82, 67]
Process 17 can proceed. Need: [1, 1, 1, 1, 1, 1, 1, 1, 1, 1, 1, 1, 1, 1, 1, 1], Work: [54, 65, 49, 74, 58, 70, 60, 42, 66, 55, 81, 66, 60, 83, 82, 67]
Process 17 has finished. Updated Work: [56, 67, 50, 76, 61, 72, 62, 45, 69, 57, 82, 67, 63, 85, 85, 69]
Process 18 can proceed. Need: [1, 1, 1, 1, 1, 1, 1, 1, 1, 1, 1, 1, 1, 2, 1, 1], Work: [56, 67, 50, 76, 61, 72, 62, 45, 69, 57, 82, 67, 63, 85, 85, 69]
Process 18 has finished. Updated Work: [59, 68, 53, 77, 63, 73, 65, 47, 71, 59, 84, 69, 65, 88, 86, 71]
Process 19 can proceed. Need: [1, 1, 1, 1, 1, 1, 1, 1, 1, 1, 1, 1, 1, 1, 1, 1], Work: [59, 68, 53, 77, 63, 73, 65, 47, 71, 59, 84, 69, 65, 88, 86, 71]
Process 19 has finished. Updated Work: [60, 70, 55, 80, 65, 75, 68, 50, 72, 60, 85, 70, 66, 90, 88, 74]
The system will be in a safe state. Safe sequence: [0, 1, 2, 3, 4, 5, 6, 7, 8, 9, 10, 11, 12, 13, 14, 15, 16, 17, 18, 19]
Request accepted. Allocation successful.
Current state of the system resources:
Total: [60 70 55 80 65 75 68 50 72 60 85 70 66 90 88 74]
Allocated:
[[3 4 2 5 2 3 3 3 1 3 4 3 2 4 2 3]
 [4 2 2 3 1 1 3 2 2 3 2 2 2 2 1 2]
 [3 4 3 2 2 2 2 1 3 2 3 3 2 1 2 2]
 [3 2 2 2 4 4 3 4 3 2 3 3 2 2 2 4]
 [1 3 2 4 3 3 3 2 2 3 1 2 2 2 2 2]
 [4 2 1 2 2 2 1 1 3 2 3 3 3 3 2 2]
 [2 2 3 1 2 1 2 3 1 2 1 2 1 2 3 3]
 [3 2 1 3 1 2 3 2 2 1 3 1 2 1 1 1]
 [3 1 2 2 3 3 2 2 1 3 2 1 3 3 2 3]
 [1 2 2 3 2 2 2 1 3 2 3 3 1 2 1 1]
 [2 3 1 2 2 2 2 1 2 3 2 2 3 2 2 2]
 [3 1 2 1 3 1 1 2 2 2 3 2 2 1 1 3]
 [2 2 2 2 2 2 2 3 3 1 1 3 1 3 3 2]
 [3 3 2 2 1 3 1 2 1 2 2 3 3 2 2 2]
 [2 2 3 3 2 3 3 3 3 2 3 2 3 1 2 2]
 [1 1 2 1 1 2 2 2 2 1 1 2 2 3 2 1]
 [4 3 1 2 2 3 1 1 1 3 2 3 2 2 2 3]
 [2 2 1 2 3 2 2 3 3 2 1 1 3 2 3 2]
 [3 1 3 1 2 1 3 2 2 2 2 2 2 3 1 2]
 [1 2 2 3 2 2 3 3 1 1 1 1 1 2 2 3]]
Maximum demand:
[[6 4 4 7 3 5 5 3 4 4 5 4 3 5 4 4]
 [5 4 3 5 2 2 4 3 3 4 4 3 3 3 2 3]
 [7 5 5 5 4 3 4 2 5 4 5 5 4 3 3 3]
 [4 3 2 3 5 5 4 4 3 2 3 3 2 2 2 4]
 [3 4 3 5 4 4 4 3 3 5 2 4 3 3 3 3]
 [6 3 2 4 3 3 3 2 5 3 5 5 5 4 3 3]
 [3 3 5 2 4 2 3 4 3 4 3 3 2 4 5 4]
 [5 3 2 5 2 3 4 3 3 2 4 3 3 2 2 2]
 [4 2 3 3 5 5 3 3 2 5 4 3 5 4 3 4]
 [2 3 3 4 3 3 3 2 4 3 5 5 2 3 2 2]
 [3 4 2 5 3 2 4 2 3 4 4 3 4 3 3 3]
 [4 2 3 2 5 2 2 3 3 3 5 4 3 2 2 4]
 [3 3 4 3 4 4 3 4 4 2 2 5 2 5 5 3]
 [5 4 3 3 2 4 2 3 2 3 3 5 5 3 3 3]
 [4 3 5 5 3 4 4 4 5 3 5 3 5 2 3 3]
 [3 2 3 3 2 3 3 3 3 2 3 3 3 5 3 2]
 [6 4 2 3 3 4 2 2 2 4 4 4 3 3 3 4]
 [3 3 2 3 4 3 3 4 4 3 2 2 4 3 4 3]
 [4 2 4 2 3 2 4 3 3 3 3 3 3 5 2 3]
 [2 3 3 4 3 3 4 4 2 2 2 2 2 3 3 4]]
Need:
[[3 0 2 2 1 2 2 0 3 1 1 1 1 1 2 1]
 [1 2 1 2 1 1 1 1 1 1 2 1 1 1 1 1]
 [4 1 2 3 2 1 2 1 2 2 2 2 2 2 1 1]
 [1 1 0 1 1 1 1 0 0 0 0 0 0 0 0 0]
 [2 1 1 1 1 1 1 1 1 2 1 2 1 1 1 1]
 [2 1 1 2 1 1 2 1 2 1 2 2 2 1 1 1]
 [1 1 2 1 2 1 1 1 2 2 2 1 1 2 2 1]
 [2 1 1 2 1 1 1 1 1 1 1 2 1 1 1 1]
 [1 1 1 1 2 2 1 1 1 2 2 2 2 1 1 1]
 [1 1 1 1 1 1 1 1 1 1 2 2 1 1 1 1]
 [1 1 1 3 1 0 2 1 1 1 2 1 1 1 1 1]
 [1 1 1 1 2 1 1 1 1 1 2 2 1 1 1 1]
 [1 1 2 1 2 2 1 1 1 1 1 2 1 2 2 1]
 [2 1 1 1 1 1 1 1 1 1 1 2 2 1 1 1]
 [2 1 2 2 1 1 1 1 2 1 2 1 2 1 1 1]
 [2 1 1 2 1 1 1 1 1 1 2 1 1 2 1 1]
 [2 1 1 1 1 1 1 1 1 1 2 1 1 1 1 1]
 [1 1 1 1 1 1 1 1 1 1 1 1 1 1 1 1]
 [1 1 1 1 1 1 1 1 1 1 1 1 1 2 1 1]
 [1 1 1 1 1 1 1 1 1 1 1 1 1 1 1 1]]
Available: [10 26 16 34 23 31 24  7 31 18 42 26 24 47 50 29]
------------------------------------------------------------
Process 4 is requesting resources: [1 2 2 3 1 2 3 3 2 2 1 2 2 1 1 2]
Process 4 is requesting more than its maximum demand:
Request: [1 2 2 3 1 2 3 3 2 2 1 2 2 1 1 2]
Need:    [2 1 1 1 1 1 1 1 1 2 1 2 1 1 1 1]
Invalid request. Allocation rejected.
Current state of the system resources:
Total: [60 70 55 80 65 75 68 50 72 60 85 70 66 90 88 74]
Allocated:
[[3 4 2 5 2 3 3 3 1 3 4 3 2 4 2 3]
 [4 2 2 3 1 1 3 2 2 3 2 2 2 2 1 2]
 [3 4 3 2 2 2 2 1 3 2 3 3 2 1 2 2]
 [3 2 2 2 4 4 3 4 3 2 3 3 2 2 2 4]
 [1 3 2 4 3 3 3 2 2 3 1 2 2 2 2 2]
 [4 2 1 2 2 2 1 1 3 2 3 3 3 3 2 2]
 [2 2 3 1 2 1 2 3 1 2 1 2 1 2 3 3]
 [3 2 1 3 1 2 3 2 2 1 3 1 2 1 1 1]
 [3 1 2 2 3 3 2 2 1 3 2 1 3 3 2 3]
 [1 2 2 3 2 2 2 1 3 2 3 3 1 2 1 1]
 [2 3 1 2 2 2 2 1 2 3 2 2 3 2 2 2]
 [3 1 2 1 3 1 1 2 2 2 3 2 2 1 1 3]
 [2 2 2 2 2 2 2 3 3 1 1 3 1 3 3 2]
 [3 3 2 2 1 3 1 2 1 2 2 3 3 2 2 2]
 [2 2 3 3 2 3 3 3 3 2 3 2 3 1 2 2]
 [1 1 2 1 1 2 2 2 2 1 1 2 2 3 2 1]
 [4 3 1 2 2 3 1 1 1 3 2 3 2 2 2 3]
 [2 2 1 2 3 2 2 3 3 2 1 1 3 2 3 2]
 [3 1 3 1 2 1 3 2 2 2 2 2 2 3 1 2]
 [1 2 2 3 2 2 3 3 1 1 1 1 1 2 2 3]]
Maximum demand:
[[6 4 4 7 3 5 5 3 4 4 5 4 3 5 4 4]
 [5 4 3 5 2 2 4 3 3 4 4 3 3 3 2 3]
 [7 5 5 5 4 3 4 2 5 4 5 5 4 3 3 3]
 [4 3 2 3 5 5 4 4 3 2 3 3 2 2 2 4]
 [3 4 3 5 4 4 4 3 3 5 2 4 3 3 3 3]
 [6 3 2 4 3 3 3 2 5 3 5 5 5 4 3 3]
 [3 3 5 2 4 2 3 4 3 4 3 3 2 4 5 4]
 [5 3 2 5 2 3 4 3 3 2 4 3 3 2 2 2]
 [4 2 3 3 5 5 3 3 2 5 4 3 5 4 3 4]
 [2 3 3 4 3 3 3 2 4 3 5 5 2 3 2 2]
 [3 4 2 5 3 2 4 2 3 4 4 3 4 3 3 3]
 [4 2 3 2 5 2 2 3 3 3 5 4 3 2 2 4]
 [3 3 4 3 4 4 3 4 4 2 2 5 2 5 5 3]
 [5 4 3 3 2 4 2 3 2 3 3 5 5 3 3 3]
 [4 3 5 5 3 4 4 4 5 3 5 3 5 2 3 3]
 [3 2 3 3 2 3 3 3 3 2 3 3 3 5 3 2]
 [6 4 2 3 3 4 2 2 2 4 4 4 3 3 3 4]
 [3 3 2 3 4 3 3 4 4 3 2 2 4 3 4 3]
 [4 2 4 2 3 2 4 3 3 3 3 3 3 5 2 3]
 [2 3 3 4 3 3 4 4 2 2 2 2 2 3 3 4]]
Need:
[[3 0 2 2 1 2 2 0 3 1 1 1 1 1 2 1]
 [1 2 1 2 1 1 1 1 1 1 2 1 1 1 1 1]
 [4 1 2 3 2 1 2 1 2 2 2 2 2 2 1 1]
 [1 1 0 1 1 1 1 0 0 0 0 0 0 0 0 0]
 [2 1 1 1 1 1 1 1 1 2 1 2 1 1 1 1]
 [2 1 1 2 1 1 2 1 2 1 2 2 2 1 1 1]
 [1 1 2 1 2 1 1 1 2 2 2 1 1 2 2 1]
 [2 1 1 2 1 1 1 1 1 1 1 2 1 1 1 1]
 [1 1 1 1 2 2 1 1 1 2 2 2 2 1 1 1]
 [1 1 1 1 1 1 1 1 1 1 2 2 1 1 1 1]
 [1 1 1 3 1 0 2 1 1 1 2 1 1 1 1 1]
 [1 1 1 1 2 1 1 1 1 1 2 2 1 1 1 1]
 [1 1 2 1 2 2 1 1 1 1 1 2 1 2 2 1]
 [2 1 1 1 1 1 1 1 1 1 1 2 2 1 1 1]
 [2 1 2 2 1 1 1 1 2 1 2 1 2 1 1 1]
 [2 1 1 2 1 1 1 1 1 1 2 1 1 2 1 1]
 [2 1 1 1 1 1 1 1 1 1 2 1 1 1 1 1]
 [1 1 1 1 1 1 1 1 1 1 1 1 1 1 1 1]
 [1 1 1 1 1 1 1 1 1 1 1 1 1 2 1 1]
 [1 1 1 1 1 1 1 1 1 1 1 1 1 1 1 1]]
Available: [10 26 16 34 23 31 24  7 31 18 42 26 24 47 50 29]
------------------------------------------------------------
Process 5 is requesting resources: [3 3 3 3 2 2 3 2 2 2 3 3 2 2 2 3]
Process 5 is requesting more than its maximum demand:
Request: [3 3 3 3 2 2 3 2 2 2 3 3 2 2 2 3]
Need:    [2 1 1 2 1 1 2 1 2 1 2 2 2 1 1 1]
Invalid request. Allocation rejected.
Current state of the system resources:
Total: [60 70 55 80 65 75 68 50 72 60 85 70 66 90 88 74]
Allocated:
[[3 4 2 5 2 3 3 3 1 3 4 3 2 4 2 3]
 [4 2 2 3 1 1 3 2 2 3 2 2 2 2 1 2]
 [3 4 3 2 2 2 2 1 3 2 3 3 2 1 2 2]
 [3 2 2 2 4 4 3 4 3 2 3 3 2 2 2 4]
 [1 3 2 4 3 3 3 2 2 3 1 2 2 2 2 2]
 [4 2 1 2 2 2 1 1 3 2 3 3 3 3 2 2]
 [2 2 3 1 2 1 2 3 1 2 1 2 1 2 3 3]
 [3 2 1 3 1 2 3 2 2 1 3 1 2 1 1 1]
 [3 1 2 2 3 3 2 2 1 3 2 1 3 3 2 3]
 [1 2 2 3 2 2 2 1 3 2 3 3 1 2 1 1]
 [2 3 1 2 2 2 2 1 2 3 2 2 3 2 2 2]
 [3 1 2 1 3 1 1 2 2 2 3 2 2 1 1 3]
 [2 2 2 2 2 2 2 3 3 1 1 3 1 3 3 2]
 [3 3 2 2 1 3 1 2 1 2 2 3 3 2 2 2]
 [2 2 3 3 2 3 3 3 3 2 3 2 3 1 2 2]
 [1 1 2 1 1 2 2 2 2 1 1 2 2 3 2 1]
 [4 3 1 2 2 3 1 1 1 3 2 3 2 2 2 3]
 [2 2 1 2 3 2 2 3 3 2 1 1 3 2 3 2]
 [3 1 3 1 2 1 3 2 2 2 2 2 2 3 1 2]
 [1 2 2 3 2 2 3 3 1 1 1 1 1 2 2 3]]
Maximum demand:
[[6 4 4 7 3 5 5 3 4 4 5 4 3 5 4 4]
 [5 4 3 5 2 2 4 3 3 4 4 3 3 3 2 3]
 [7 5 5 5 4 3 4 2 5 4 5 5 4 3 3 3]
 [4 3 2 3 5 5 4 4 3 2 3 3 2 2 2 4]
 [3 4 3 5 4 4 4 3 3 5 2 4 3 3 3 3]
 [6 3 2 4 3 3 3 2 5 3 5 5 5 4 3 3]
 [3 3 5 2 4 2 3 4 3 4 3 3 2 4 5 4]
 [5 3 2 5 2 3 4 3 3 2 4 3 3 2 2 2]
 [4 2 3 3 5 5 3 3 2 5 4 3 5 4 3 4]
 [2 3 3 4 3 3 3 2 4 3 5 5 2 3 2 2]
 [3 4 2 5 3 2 4 2 3 4 4 3 4 3 3 3]
 [4 2 3 2 5 2 2 3 3 3 5 4 3 2 2 4]
 [3 3 4 3 4 4 3 4 4 2 2 5 2 5 5 3]
 [5 4 3 3 2 4 2 3 2 3 3 5 5 3 3 3]
 [4 3 5 5 3 4 4 4 5 3 5 3 5 2 3 3]
 [3 2 3 3 2 3 3 3 3 2 3 3 3 5 3 2]
 [6 4 2 3 3 4 2 2 2 4 4 4 3 3 3 4]
 [3 3 2 3 4 3 3 4 4 3 2 2 4 3 4 3]
 [4 2 4 2 3 2 4 3 3 3 3 3 3 5 2 3]
 [2 3 3 4 3 3 4 4 2 2 2 2 2 3 3 4]]
Need:
[[3 0 2 2 1 2 2 0 3 1 1 1 1 1 2 1]
 [1 2 1 2 1 1 1 1 1 1 2 1 1 1 1 1]
 [4 1 2 3 2 1 2 1 2 2 2 2 2 2 1 1]
 [1 1 0 1 1 1 1 0 0 0 0 0 0 0 0 0]
 [2 1 1 1 1 1 1 1 1 2 1 2 1 1 1 1]
 [2 1 1 2 1 1 2 1 2 1 2 2 2 1 1 1]
 [1 1 2 1 2 1 1 1 2 2 2 1 1 2 2 1]
 [2 1 1 2 1 1 1 1 1 1 1 2 1 1 1 1]
 [1 1 1 1 2 2 1 1 1 2 2 2 2 1 1 1]
 [1 1 1 1 1 1 1 1 1 1 2 2 1 1 1 1]
 [1 1 1 3 1 0 2 1 1 1 2 1 1 1 1 1]
 [1 1 1 1 2 1 1 1 1 1 2 2 1 1 1 1]
 [1 1 2 1 2 2 1 1 1 1 1 2 1 2 2 1]
 [2 1 1 1 1 1 1 1 1 1 1 2 2 1 1 1]
 [2 1 2 2 1 1 1 1 2 1 2 1 2 1 1 1]
 [2 1 1 2 1 1 1 1 1 1 2 1 1 2 1 1]
 [2 1 1 1 1 1 1 1 1 1 2 1 1 1 1 1]
 [1 1 1 1 1 1 1 1 1 1 1 1 1 1 1 1]
 [1 1 1 1 1 1 1 1 1 1 1 1 1 2 1 1]
 [1 1 1 1 1 1 1 1 1 1 1 1 1 1 1 1]]
Available: [10 26 16 34 23 31 24  7 31 18 42 26 24 47 50 29]
------------------------------------------------------------
Process 6 is requesting resources: [1 1 1 1 1 1 1 1 1 1 1 1 1 1 1 1]
Beginning system safety check...
Initial Work (Available Resources): [9, 25, 15, 33, 22, 30, 23, 6, 30, 17, 41, 25, 23, 46, 49, 28]
Process 0 can proceed. Need: [3, 0, 2, 2, 1, 2, 2, 0, 3, 1, 1, 1, 1, 1, 2, 1], Work: [9, 25, 15, 33, 22, 30, 23, 6, 30, 17, 41, 25, 23, 46, 49, 28]
Process 0 has finished. Updated Work: [12, 29, 17, 38, 24, 33, 26, 9, 31, 20, 45, 28, 25, 50, 51, 31]
Process 1 can proceed. Need: [1, 2, 1, 2, 1, 1, 1, 1, 1, 1, 2, 1, 1, 1, 1, 1], Work: [12, 29, 17, 38, 24, 33, 26, 9, 31, 20, 45, 28, 25, 50, 51, 31]
Process 1 has finished. Updated Work: [16, 31, 19, 41, 25, 34, 29, 11, 33, 23, 47, 30, 27, 52, 52, 33]
Process 2 can proceed. Need: [4, 1, 2, 3, 2, 1, 2, 1, 2, 2, 2, 2, 2, 2, 1, 1], Work: [16, 31, 19, 41, 25, 34, 29, 11, 33, 23, 47, 30, 27, 52, 52, 33]
Process 2 has finished. Updated Work: [19, 35, 22, 43, 27, 36, 31, 12, 36, 25, 50, 33, 29, 53, 54, 35]
Process 3 can proceed. Need: [1, 1, 0, 1, 1, 1, 1, 0, 0, 0, 0, 0, 0, 0, 0, 0], Work: [19, 35, 22, 43, 27, 36, 31, 12, 36, 25, 50, 33, 29, 53, 54, 35]
Process 3 has finished. Updated Work: [22, 37, 24, 45, 31, 40, 34, 16, 39, 27, 53, 36, 31, 55, 56, 39]
Process 4 can proceed. Need: [2, 1, 1, 1, 1, 1, 1, 1, 1, 2, 1, 2, 1, 1, 1, 1], Work: [22, 37, 24, 45, 31, 40, 34, 16, 39, 27, 53, 36, 31, 55, 56, 39]
Process 4 has finished. Updated Work: [23, 40, 26, 49, 34, 43, 37, 18, 41, 30, 54, 38, 33, 57, 58, 41]
Process 5 can proceed. Need: [2, 1, 1, 2, 1, 1, 2, 1, 2, 1, 2, 2, 2, 1, 1, 1], Work: [23, 40, 26, 49, 34, 43, 37, 18, 41, 30, 54, 38, 33, 57, 58, 41]
Process 5 has finished. Updated Work: [27, 42, 27, 51, 36, 45, 38, 19, 44, 32, 57, 41, 36, 60, 60, 43]
Process 6 can proceed. Need: [0, 0, 1, 0, 1, 0, 0, 0, 1, 1, 1, 0, 0, 1, 1, 0], Work: [27, 42, 27, 51, 36, 45, 38, 19, 44, 32, 57, 41, 36, 60, 60, 43]
Process 6 has finished. Updated Work: [30, 45, 31, 53, 39, 47, 41, 23, 46, 35, 59, 44, 38, 63, 64, 47]
Process 7 can proceed. Need: [2, 1, 1, 2, 1, 1, 1, 1, 1, 1, 1, 2, 1, 1, 1, 1], Work: [30, 45, 31, 53, 39, 47, 41, 23, 46, 35, 59, 44, 38, 63, 64, 47]
Process 7 has finished. Updated Work: [33, 47, 32, 56, 40, 49, 44, 25, 48, 36, 62, 45, 40, 64, 65, 48]
Process 8 can proceed. Need: [1, 1, 1, 1, 2, 2, 1, 1, 1, 2, 2, 2, 2, 1, 1, 1], Work: [33, 47, 32, 56, 40, 49, 44, 25, 48, 36, 62, 45, 40, 64, 65, 48]
Process 8 has finished. Updated Work: [36, 48, 34, 58, 43, 52, 46, 27, 49, 39, 64, 46, 43, 67, 67, 51]
Process 9 can proceed. Need: [1, 1, 1, 1, 1, 1, 1, 1, 1, 1, 2, 2, 1, 1, 1, 1], Work: [36, 48, 34, 58, 43, 52, 46, 27, 49, 39, 64, 46, 43, 67, 67, 51]
Process 9 has finished. Updated Work: [37, 50, 36, 61, 45, 54, 48, 28, 52, 41, 67, 49, 44, 69, 68, 52]
Process 10 can proceed. Need: [1, 1, 1, 3, 1, 0, 2, 1, 1, 1, 2, 1, 1, 1, 1, 1], Work: [37, 50, 36, 61, 45, 54, 48, 28, 52, 41, 67, 49, 44, 69, 68, 52]
Process 10 has finished. Updated Work: [39, 53, 37, 63, 47, 56, 50, 29, 54, 44, 69, 51, 47, 71, 70, 54]
Process 11 can proceed. Need: [1, 1, 1, 1, 2, 1, 1, 1, 1, 1, 2, 2, 1, 1, 1, 1], Work: [39, 53, 37, 63, 47, 56, 50, 29, 54, 44, 69, 51, 47, 71, 70, 54]
Process 11 has finished. Updated Work: [42, 54, 39, 64, 50, 57, 51, 31, 56, 46, 72, 53, 49, 72, 71, 57]
Process 12 can proceed. Need: [1, 1, 2, 1, 2, 2, 1, 1, 1, 1, 1, 2, 1, 2, 2, 1], Work: [42, 54, 39, 64, 50, 57, 51, 31, 56, 46, 72, 53, 49, 72, 71, 57]
Process 12 has finished. Updated Work: [44, 56, 41, 66, 52, 59, 53, 34, 59, 47, 73, 56, 50, 75, 74, 59]
Process 13 can proceed. Need: [2, 1, 1, 1, 1, 1, 1, 1, 1, 1, 1, 2, 2, 1, 1, 1], Work: [44, 56, 41, 66, 52, 59, 53, 34, 59, 47, 73, 56, 50, 75, 74, 59]
Process 13 has finished. Updated Work: [47, 59, 43, 68, 53, 62, 54, 36, 60, 49, 75, 59, 53, 77, 76, 61]
Process 14 can proceed. Need: [2, 1, 2, 2, 1, 1, 1, 1, 2, 1, 2, 1, 2, 1, 1, 1], Work: [47, 59, 43, 68, 53, 62, 54, 36, 60, 49, 75, 59, 53, 77, 76, 61]
Process 14 has finished. Updated Work: [49, 61, 46, 71, 55, 65, 57, 39, 63, 51, 78, 61, 56, 78, 78, 63]
Process 15 can proceed. Need: [2, 1, 1, 2, 1, 1, 1, 1, 1, 1, 2, 1, 1, 2, 1, 1], Work: [49, 61, 46, 71, 55, 65, 57, 39, 63, 51, 78, 61, 56, 78, 78, 63]
Process 15 has finished. Updated Work: [50, 62, 48, 72, 56, 67, 59, 41, 65, 52, 79, 63, 58, 81, 80, 64]
Process 16 can proceed. Need: [2, 1, 1, 1, 1, 1, 1, 1, 1, 1, 2, 1, 1, 1, 1, 1], Work: [50, 62, 48, 72, 56, 67, 59, 41, 65, 52, 79, 63, 58, 81, 80, 64]
Process 16 has finished. Updated Work: [54, 65, 49, 74, 58, 70, 60, 42, 66, 55, 81, 66, 60, 83, 82, 67]
Process 17 can proceed. Need: [1, 1, 1, 1, 1, 1, 1, 1, 1, 1, 1, 1, 1, 1, 1, 1], Work: [54, 65, 49, 74, 58, 70, 60, 42, 66, 55, 81, 66, 60, 83, 82, 67]
Process 17 has finished. Updated Work: [56, 67, 50, 76, 61, 72, 62, 45, 69, 57, 82, 67, 63, 85, 85, 69]
Process 18 can proceed. Need: [1, 1, 1, 1, 1, 1, 1, 1, 1, 1, 1, 1, 1, 2, 1, 1], Work: [56, 67, 50, 76, 61, 72, 62, 45, 69, 57, 82, 67, 63, 85, 85, 69]
Process 18 has finished. Updated Work: [59, 68, 53, 77, 63, 73, 65, 47, 71, 59, 84, 69, 65, 88, 86, 71]
Process 19 can proceed. Need: [1, 1, 1, 1, 1, 1, 1, 1, 1, 1, 1, 1, 1, 1, 1, 1], Work: [59, 68, 53, 77, 63, 73, 65, 47, 71, 59, 84, 69, 65, 88, 86, 71]
Process 19 has finished. Updated Work: [60, 70, 55, 80, 65, 75, 68, 50, 72, 60, 85, 70, 66, 90, 88, 74]
The system will be in a safe state. Safe sequence: [0, 1, 2, 3, 4, 5, 6, 7, 8, 9, 10, 11, 12, 13, 14, 15, 16, 17, 18, 19]
Request accepted. Allocation successful.
Current state of the system resources:
Total: [60 70 55 80 65 75 68 50 72 60 85 70 66 90 88 74]
Allocated:
[[3 4 2 5 2 3 3 3 1 3 4 3 2 4 2 3]
 [4 2 2 3 1 1 3 2 2 3 2 2 2 2 1 2]
 [3 4 3 2 2 2 2 1 3 2 3 3 2 1 2 2]
 [3 2 2 2 4 4 3 4 3 2 3 3 2 2 2 4]
 [1 3 2 4 3 3 3 2 2 3 1 2 2 2 2 2]
 [4 2 1 2 2 2 1 1 3 2 3 3 3 3 2 2]
 [3 3 4 2 3 2 3 4 2 3 2 3 2 3 4 4]
 [3 2 1 3 1 2 3 2 2 1 3 1 2 1 1 1]
 [3 1 2 2 3 3 2 2 1 3 2 1 3 3 2 3]
 [1 2 2 3 2 2 2 1 3 2 3 3 1 2 1 1]
 [2 3 1 2 2 2 2 1 2 3 2 2 3 2 2 2]
 [3 1 2 1 3 1 1 2 2 2 3 2 2 1 1 3]
 [2 2 2 2 2 2 2 3 3 1 1 3 1 3 3 2]
 [3 3 2 2 1 3 1 2 1 2 2 3 3 2 2 2]
 [2 2 3 3 2 3 3 3 3 2 3 2 3 1 2 2]
 [1 1 2 1 1 2 2 2 2 1 1 2 2 3 2 1]
 [4 3 1 2 2 3 1 1 1 3 2 3 2 2 2 3]
 [2 2 1 2 3 2 2 3 3 2 1 1 3 2 3 2]
 [3 1 3 1 2 1 3 2 2 2 2 2 2 3 1 2]
 [1 2 2 3 2 2 3 3 1 1 1 1 1 2 2 3]]
Maximum demand:
[[6 4 4 7 3 5 5 3 4 4 5 4 3 5 4 4]
 [5 4 3 5 2 2 4 3 3 4 4 3 3 3 2 3]
 [7 5 5 5 4 3 4 2 5 4 5 5 4 3 3 3]
 [4 3 2 3 5 5 4 4 3 2 3 3 2 2 2 4]
 [3 4 3 5 4 4 4 3 3 5 2 4 3 3 3 3]
 [6 3 2 4 3 3 3 2 5 3 5 5 5 4 3 3]
 [3 3 5 2 4 2 3 4 3 4 3 3 2 4 5 4]
 [5 3 2 5 2 3 4 3 3 2 4 3 3 2 2 2]
 [4 2 3 3 5 5 3 3 2 5 4 3 5 4 3 4]
 [2 3 3 4 3 3 3 2 4 3 5 5 2 3 2 2]
 [3 4 2 5 3 2 4 2 3 4 4 3 4 3 3 3]
 [4 2 3 2 5 2 2 3 3 3 5 4 3 2 2 4]
 [3 3 4 3 4 4 3 4 4 2 2 5 2 5 5 3]
 [5 4 3 3 2 4 2 3 2 3 3 5 5 3 3 3]
 [4 3 5 5 3 4 4 4 5 3 5 3 5 2 3 3]
 [3 2 3 3 2 3 3 3 3 2 3 3 3 5 3 2]
 [6 4 2 3 3 4 2 2 2 4 4 4 3 3 3 4]
 [3 3 2 3 4 3 3 4 4 3 2 2 4 3 4 3]
 [4 2 4 2 3 2 4 3 3 3 3 3 3 5 2 3]
 [2 3 3 4 3 3 4 4 2 2 2 2 2 3 3 4]]
Need:
[[3 0 2 2 1 2 2 0 3 1 1 1 1 1 2 1]
 [1 2 1 2 1 1 1 1 1 1 2 1 1 1 1 1]
 [4 1 2 3 2 1 2 1 2 2 2 2 2 2 1 1]
 [1 1 0 1 1 1 1 0 0 0 0 0 0 0 0 0]
 [2 1 1 1 1 1 1 1 1 2 1 2 1 1 1 1]
 [2 1 1 2 1 1 2 1 2 1 2 2 2 1 1 1]
 [0 0 1 0 1 0 0 0 1 1 1 0 0 1 1 0]
 [2 1 1 2 1 1 1 1 1 1 1 2 1 1 1 1]
 [1 1 1 1 2 2 1 1 1 2 2 2 2 1 1 1]
 [1 1 1 1 1 1 1 1 1 1 2 2 1 1 1 1]
 [1 1 1 3 1 0 2 1 1 1 2 1 1 1 1 1]
 [1 1 1 1 2 1 1 1 1 1 2 2 1 1 1 1]
 [1 1 2 1 2 2 1 1 1 1 1 2 1 2 2 1]
 [2 1 1 1 1 1 1 1 1 1 1 2 2 1 1 1]
 [2 1 2 2 1 1 1 1 2 1 2 1 2 1 1 1]
 [2 1 1 2 1 1 1 1 1 1 2 1 1 2 1 1]
 [2 1 1 1 1 1 1 1 1 1 2 1 1 1 1 1]
 [1 1 1 1 1 1 1 1 1 1 1 1 1 1 1 1]
 [1 1 1 1 1 1 1 1 1 1 1 1 1 2 1 1]
 [1 1 1 1 1 1 1 1 1 1 1 1 1 1 1 1]]
Available: [ 9 25 15 33 22 30 23  6 30 17 41 25 23 46 49 28]
------------------------------------------------------------
Process 7 is requesting resources: [2 1 2 2 1 1 2 2 1 2 2 1 2 1 1 2]
Process 7 is requesting more than its maximum demand:
Request: [2 1 2 2 1 1 2 2 1 2 2 1 2 1 1 2]
Need:    [2 1 1 2 1 1 1 1 1 1 1 2 1 1 1 1]
Invalid request. Allocation rejected.
Current state of the system resources:
Total: [60 70 55 80 65 75 68 50 72 60 85 70 66 90 88 74]
Allocated:
[[3 4 2 5 2 3 3 3 1 3 4 3 2 4 2 3]
 [4 2 2 3 1 1 3 2 2 3 2 2 2 2 1 2]
 [3 4 3 2 2 2 2 1 3 2 3 3 2 1 2 2]
 [3 2 2 2 4 4 3 4 3 2 3 3 2 2 2 4]
 [1 3 2 4 3 3 3 2 2 3 1 2 2 2 2 2]
 [4 2 1 2 2 2 1 1 3 2 3 3 3 3 2 2]
 [3 3 4 2 3 2 3 4 2 3 2 3 2 3 4 4]
 [3 2 1 3 1 2 3 2 2 1 3 1 2 1 1 1]
 [3 1 2 2 3 3 2 2 1 3 2 1 3 3 2 3]
 [1 2 2 3 2 2 2 1 3 2 3 3 1 2 1 1]
 [2 3 1 2 2 2 2 1 2 3 2 2 3 2 2 2]
 [3 1 2 1 3 1 1 2 2 2 3 2 2 1 1 3]
 [2 2 2 2 2 2 2 3 3 1 1 3 1 3 3 2]
 [3 3 2 2 1 3 1 2 1 2 2 3 3 2 2 2]
 [2 2 3 3 2 3 3 3 3 2 3 2 3 1 2 2]
 [1 1 2 1 1 2 2 2 2 1 1 2 2 3 2 1]
 [4 3 1 2 2 3 1 1 1 3 2 3 2 2 2 3]
 [2 2 1 2 3 2 2 3 3 2 1 1 3 2 3 2]
 [3 1 3 1 2 1 3 2 2 2 2 2 2 3 1 2]
 [1 2 2 3 2 2 3 3 1 1 1 1 1 2 2 3]]
Maximum demand:
[[6 4 4 7 3 5 5 3 4 4 5 4 3 5 4 4]
 [5 4 3 5 2 2 4 3 3 4 4 3 3 3 2 3]
 [7 5 5 5 4 3 4 2 5 4 5 5 4 3 3 3]
 [4 3 2 3 5 5 4 4 3 2 3 3 2 2 2 4]
 [3 4 3 5 4 4 4 3 3 5 2 4 3 3 3 3]
 [6 3 2 4 3 3 3 2 5 3 5 5 5 4 3 3]
 [3 3 5 2 4 2 3 4 3 4 3 3 2 4 5 4]
 [5 3 2 5 2 3 4 3 3 2 4 3 3 2 2 2]
 [4 2 3 3 5 5 3 3 2 5 4 3 5 4 3 4]
 [2 3 3 4 3 3 3 2 4 3 5 5 2 3 2 2]
 [3 4 2 5 3 2 4 2 3 4 4 3 4 3 3 3]
 [4 2 3 2 5 2 2 3 3 3 5 4 3 2 2 4]
 [3 3 4 3 4 4 3 4 4 2 2 5 2 5 5 3]
 [5 4 3 3 2 4 2 3 2 3 3 5 5 3 3 3]
 [4 3 5 5 3 4 4 4 5 3 5 3 5 2 3 3]
 [3 2 3 3 2 3 3 3 3 2 3 3 3 5 3 2]
 [6 4 2 3 3 4 2 2 2 4 4 4 3 3 3 4]
 [3 3 2 3 4 3 3 4 4 3 2 2 4 3 4 3]
 [4 2 4 2 3 2 4 3 3 3 3 3 3 5 2 3]
 [2 3 3 4 3 3 4 4 2 2 2 2 2 3 3 4]]
Need:
[[3 0 2 2 1 2 2 0 3 1 1 1 1 1 2 1]
 [1 2 1 2 1 1 1 1 1 1 2 1 1 1 1 1]
 [4 1 2 3 2 1 2 1 2 2 2 2 2 2 1 1]
 [1 1 0 1 1 1 1 0 0 0 0 0 0 0 0 0]
 [2 1 1 1 1 1 1 1 1 2 1 2 1 1 1 1]
 [2 1 1 2 1 1 2 1 2 1 2 2 2 1 1 1]
 [0 0 1 0 1 0 0 0 1 1 1 0 0 1 1 0]
 [2 1 1 2 1 1 1 1 1 1 1 2 1 1 1 1]
 [1 1 1 1 2 2 1 1 1 2 2 2 2 1 1 1]
 [1 1 1 1 1 1 1 1 1 1 2 2 1 1 1 1]
 [1 1 1 3 1 0 2 1 1 1 2 1 1 1 1 1]
 [1 1 1 1 2 1 1 1 1 1 2 2 1 1 1 1]
 [1 1 2 1 2 2 1 1 1 1 1 2 1 2 2 1]
 [2 1 1 1 1 1 1 1 1 1 1 2 2 1 1 1]
 [2 1 2 2 1 1 1 1 2 1 2 1 2 1 1 1]
 [2 1 1 2 1 1 1 1 1 1 2 1 1 2 1 1]
 [2 1 1 1 1 1 1 1 1 1 2 1 1 1 1 1]
 [1 1 1 1 1 1 1 1 1 1 1 1 1 1 1 1]
 [1 1 1 1 1 1 1 1 1 1 1 1 1 2 1 1]
 [1 1 1 1 1 1 1 1 1 1 1 1 1 1 1 1]]
Available: [ 9 25 15 33 22 30 23  6 30 17 41 25 23 46 49 28]
------------------------------------------------------------
Process 8 is requesting resources: [3 2 1 3 2 2 1 2 2 2 1 2 1 2 2 2]
Process 8 is requesting more than its maximum demand:
Request: [3 2 1 3 2 2 1 2 2 2 1 2 1 2 2 2]
Need:    [1 1 1 1 2 2 1 1 1 2 2 2 2 1 1 1]
Invalid request. Allocation rejected.
Current state of the system resources:
Total: [60 70 55 80 65 75 68 50 72 60 85 70 66 90 88 74]
Allocated:
[[3 4 2 5 2 3 3 3 1 3 4 3 2 4 2 3]
 [4 2 2 3 1 1 3 2 2 3 2 2 2 2 1 2]
 [3 4 3 2 2 2 2 1 3 2 3 3 2 1 2 2]
 [3 2 2 2 4 4 3 4 3 2 3 3 2 2 2 4]
 [1 3 2 4 3 3 3 2 2 3 1 2 2 2 2 2]
 [4 2 1 2 2 2 1 1 3 2 3 3 3 3 2 2]
 [3 3 4 2 3 2 3 4 2 3 2 3 2 3 4 4]
 [3 2 1 3 1 2 3 2 2 1 3 1 2 1 1 1]
 [3 1 2 2 3 3 2 2 1 3 2 1 3 3 2 3]
 [1 2 2 3 2 2 2 1 3 2 3 3 1 2 1 1]
 [2 3 1 2 2 2 2 1 2 3 2 2 3 2 2 2]
 [3 1 2 1 3 1 1 2 2 2 3 2 2 1 1 3]
 [2 2 2 2 2 2 2 3 3 1 1 3 1 3 3 2]
 [3 3 2 2 1 3 1 2 1 2 2 3 3 2 2 2]
 [2 2 3 3 2 3 3 3 3 2 3 2 3 1 2 2]
 [1 1 2 1 1 2 2 2 2 1 1 2 2 3 2 1]
 [4 3 1 2 2 3 1 1 1 3 2 3 2 2 2 3]
 [2 2 1 2 3 2 2 3 3 2 1 1 3 2 3 2]
 [3 1 3 1 2 1 3 2 2 2 2 2 2 3 1 2]
 [1 2 2 3 2 2 3 3 1 1 1 1 1 2 2 3]]
Maximum demand:
[[6 4 4 7 3 5 5 3 4 4 5 4 3 5 4 4]
 [5 4 3 5 2 2 4 3 3 4 4 3 3 3 2 3]
 [7 5 5 5 4 3 4 2 5 4 5 5 4 3 3 3]
 [4 3 2 3 5 5 4 4 3 2 3 3 2 2 2 4]
 [3 4 3 5 4 4 4 3 3 5 2 4 3 3 3 3]
 [6 3 2 4 3 3 3 2 5 3 5 5 5 4 3 3]
 [3 3 5 2 4 2 3 4 3 4 3 3 2 4 5 4]
 [5 3 2 5 2 3 4 3 3 2 4 3 3 2 2 2]
 [4 2 3 3 5 5 3 3 2 5 4 3 5 4 3 4]
 [2 3 3 4 3 3 3 2 4 3 5 5 2 3 2 2]
 [3 4 2 5 3 2 4 2 3 4 4 3 4 3 3 3]
 [4 2 3 2 5 2 2 3 3 3 5 4 3 2 2 4]
 [3 3 4 3 4 4 3 4 4 2 2 5 2 5 5 3]
 [5 4 3 3 2 4 2 3 2 3 3 5 5 3 3 3]
 [4 3 5 5 3 4 4 4 5 3 5 3 5 2 3 3]
 [3 2 3 3 2 3 3 3 3 2 3 3 3 5 3 2]
 [6 4 2 3 3 4 2 2 2 4 4 4 3 3 3 4]
 [3 3 2 3 4 3 3 4 4 3 2 2 4 3 4 3]
 [4 2 4 2 3 2 4 3 3 3 3 3 3 5 2 3]
 [2 3 3 4 3 3 4 4 2 2 2 2 2 3 3 4]]
Need:
[[3 0 2 2 1 2 2 0 3 1 1 1 1 1 2 1]
 [1 2 1 2 1 1 1 1 1 1 2 1 1 1 1 1]
 [4 1 2 3 2 1 2 1 2 2 2 2 2 2 1 1]
 [1 1 0 1 1 1 1 0 0 0 0 0 0 0 0 0]
 [2 1 1 1 1 1 1 1 1 2 1 2 1 1 1 1]
 [2 1 1 2 1 1 2 1 2 1 2 2 2 1 1 1]
 [0 0 1 0 1 0 0 0 1 1 1 0 0 1 1 0]
 [2 1 1 2 1 1 1 1 1 1 1 2 1 1 1 1]
 [1 1 1 1 2 2 1 1 1 2 2 2 2 1 1 1]
 [1 1 1 1 1 1 1 1 1 1 2 2 1 1 1 1]
 [1 1 1 3 1 0 2 1 1 1 2 1 1 1 1 1]
 [1 1 1 1 2 1 1 1 1 1 2 2 1 1 1 1]
 [1 1 2 1 2 2 1 1 1 1 1 2 1 2 2 1]
 [2 1 1 1 1 1 1 1 1 1 1 2 2 1 1 1]
 [2 1 2 2 1 1 1 1 2 1 2 1 2 1 1 1]
 [2 1 1 2 1 1 1 1 1 1 2 1 1 2 1 1]
 [2 1 1 1 1 1 1 1 1 1 2 1 1 1 1 1]
 [1 1 1 1 1 1 1 1 1 1 1 1 1 1 1 1]
 [1 1 1 1 1 1 1 1 1 1 1 1 1 2 1 1]
 [1 1 1 1 1 1 1 1 1 1 1 1 1 1 1 1]]
Available: [ 9 25 15 33 22 30 23  6 30 17 41 25 23 46 49 28]
------------------------------------------------------------
Process 9 is requesting resources: [1 2 1 2 1 1 2 1 2 1 3 3 1 1 1 1]
Process 9 is requesting more than its maximum demand:
Request: [1 2 1 2 1 1 2 1 2 1 3 3 1 1 1 1]
Need:    [1 1 1 1 1 1 1 1 1 1 2 2 1 1 1 1]
Invalid request. Allocation rejected.
Current state of the system resources:
Total: [60 70 55 80 65 75 68 50 72 60 85 70 66 90 88 74]
Allocated:
[[3 4 2 5 2 3 3 3 1 3 4 3 2 4 2 3]
 [4 2 2 3 1 1 3 2 2 3 2 2 2 2 1 2]
 [3 4 3 2 2 2 2 1 3 2 3 3 2 1 2 2]
 [3 2 2 2 4 4 3 4 3 2 3 3 2 2 2 4]
 [1 3 2 4 3 3 3 2 2 3 1 2 2 2 2 2]
 [4 2 1 2 2 2 1 1 3 2 3 3 3 3 2 2]
 [3 3 4 2 3 2 3 4 2 3 2 3 2 3 4 4]
 [3 2 1 3 1 2 3 2 2 1 3 1 2 1 1 1]
 [3 1 2 2 3 3 2 2 1 3 2 1 3 3 2 3]
 [1 2 2 3 2 2 2 1 3 2 3 3 1 2 1 1]
 [2 3 1 2 2 2 2 1 2 3 2 2 3 2 2 2]
 [3 1 2 1 3 1 1 2 2 2 3 2 2 1 1 3]
 [2 2 2 2 2 2 2 3 3 1 1 3 1 3 3 2]
 [3 3 2 2 1 3 1 2 1 2 2 3 3 2 2 2]
 [2 2 3 3 2 3 3 3 3 2 3 2 3 1 2 2]
 [1 1 2 1 1 2 2 2 2 1 1 2 2 3 2 1]
 [4 3 1 2 2 3 1 1 1 3 2 3 2 2 2 3]
 [2 2 1 2 3 2 2 3 3 2 1 1 3 2 3 2]
 [3 1 3 1 2 1 3 2 2 2 2 2 2 3 1 2]
 [1 2 2 3 2 2 3 3 1 1 1 1 1 2 2 3]]
Maximum demand:
[[6 4 4 7 3 5 5 3 4 4 5 4 3 5 4 4]
 [5 4 3 5 2 2 4 3 3 4 4 3 3 3 2 3]
 [7 5 5 5 4 3 4 2 5 4 5 5 4 3 3 3]
 [4 3 2 3 5 5 4 4 3 2 3 3 2 2 2 4]
 [3 4 3 5 4 4 4 3 3 5 2 4 3 3 3 3]
 [6 3 2 4 3 3 3 2 5 3 5 5 5 4 3 3]
 [3 3 5 2 4 2 3 4 3 4 3 3 2 4 5 4]
 [5 3 2 5 2 3 4 3 3 2 4 3 3 2 2 2]
 [4 2 3 3 5 5 3 3 2 5 4 3 5 4 3 4]
 [2 3 3 4 3 3 3 2 4 3 5 5 2 3 2 2]
 [3 4 2 5 3 2 4 2 3 4 4 3 4 3 3 3]
 [4 2 3 2 5 2 2 3 3 3 5 4 3 2 2 4]
 [3 3 4 3 4 4 3 4 4 2 2 5 2 5 5 3]
 [5 4 3 3 2 4 2 3 2 3 3 5 5 3 3 3]
 [4 3 5 5 3 4 4 4 5 3 5 3 5 2 3 3]
 [3 2 3 3 2 3 3 3 3 2 3 3 3 5 3 2]
 [6 4 2 3 3 4 2 2 2 4 4 4 3 3 3 4]
 [3 3 2 3 4 3 3 4 4 3 2 2 4 3 4 3]
 [4 2 4 2 3 2 4 3 3 3 3 3 3 5 2 3]
 [2 3 3 4 3 3 4 4 2 2 2 2 2 3 3 4]]
Need:
[[3 0 2 2 1 2 2 0 3 1 1 1 1 1 2 1]
 [1 2 1 2 1 1 1 1 1 1 2 1 1 1 1 1]
 [4 1 2 3 2 1 2 1 2 2 2 2 2 2 1 1]
 [1 1 0 1 1 1 1 0 0 0 0 0 0 0 0 0]
 [2 1 1 1 1 1 1 1 1 2 1 2 1 1 1 1]
 [2 1 1 2 1 1 2 1 2 1 2 2 2 1 1 1]
 [0 0 1 0 1 0 0 0 1 1 1 0 0 1 1 0]
 [2 1 1 2 1 1 1 1 1 1 1 2 1 1 1 1]
 [1 1 1 1 2 2 1 1 1 2 2 2 2 1 1 1]
 [1 1 1 1 1 1 1 1 1 1 2 2 1 1 1 1]
 [1 1 1 3 1 0 2 1 1 1 2 1 1 1 1 1]
 [1 1 1 1 2 1 1 1 1 1 2 2 1 1 1 1]
 [1 1 2 1 2 2 1 1 1 1 1 2 1 2 2 1]
 [2 1 1 1 1 1 1 1 1 1 1 2 2 1 1 1]
 [2 1 2 2 1 1 1 1 2 1 2 1 2 1 1 1]
 [2 1 1 2 1 1 1 1 1 1 2 1 1 2 1 1]
 [2 1 1 1 1 1 1 1 1 1 2 1 1 1 1 1]
 [1 1 1 1 1 1 1 1 1 1 1 1 1 1 1 1]
 [1 1 1 1 1 1 1 1 1 1 1 1 1 2 1 1]
 [1 1 1 1 1 1 1 1 1 1 1 1 1 1 1 1]]
Available: [ 9 25 15 33 22 30 23  6 30 17 41 25 23 46 49 28]
------------------------------------------------------------
Process 10 is requesting resources: [1 1 1 2 1 1 1 1 1 1 1 1 1 1 1 1]
Process 10 is requesting more than its maximum demand:
Request: [1 1 1 2 1 1 1 1 1 1 1 1 1 1 1 1]
Need:    [1 1 1 3 1 0 2 1 1 1 2 1 1 1 1 1]
Invalid request. Allocation rejected.
Current state of the system resources:
Total: [60 70 55 80 65 75 68 50 72 60 85 70 66 90 88 74]
Allocated:
[[3 4 2 5 2 3 3 3 1 3 4 3 2 4 2 3]
 [4 2 2 3 1 1 3 2 2 3 2 2 2 2 1 2]
 [3 4 3 2 2 2 2 1 3 2 3 3 2 1 2 2]
 [3 2 2 2 4 4 3 4 3 2 3 3 2 2 2 4]
 [1 3 2 4 3 3 3 2 2 3 1 2 2 2 2 2]
 [4 2 1 2 2 2 1 1 3 2 3 3 3 3 2 2]
 [3 3 4 2 3 2 3 4 2 3 2 3 2 3 4 4]
 [3 2 1 3 1 2 3 2 2 1 3 1 2 1 1 1]
 [3 1 2 2 3 3 2 2 1 3 2 1 3 3 2 3]
 [1 2 2 3 2 2 2 1 3 2 3 3 1 2 1 1]
 [2 3 1 2 2 2 2 1 2 3 2 2 3 2 2 2]
 [3 1 2 1 3 1 1 2 2 2 3 2 2 1 1 3]
 [2 2 2 2 2 2 2 3 3 1 1 3 1 3 3 2]
 [3 3 2 2 1 3 1 2 1 2 2 3 3 2 2 2]
 [2 2 3 3 2 3 3 3 3 2 3 2 3 1 2 2]
 [1 1 2 1 1 2 2 2 2 1 1 2 2 3 2 1]
 [4 3 1 2 2 3 1 1 1 3 2 3 2 2 2 3]
 [2 2 1 2 3 2 2 3 3 2 1 1 3 2 3 2]
 [3 1 3 1 2 1 3 2 2 2 2 2 2 3 1 2]
 [1 2 2 3 2 2 3 3 1 1 1 1 1 2 2 3]]
Maximum demand:
[[6 4 4 7 3 5 5 3 4 4 5 4 3 5 4 4]
 [5 4 3 5 2 2 4 3 3 4 4 3 3 3 2 3]
 [7 5 5 5 4 3 4 2 5 4 5 5 4 3 3 3]
 [4 3 2 3 5 5 4 4 3 2 3 3 2 2 2 4]
 [3 4 3 5 4 4 4 3 3 5 2 4 3 3 3 3]
 [6 3 2 4 3 3 3 2 5 3 5 5 5 4 3 3]
 [3 3 5 2 4 2 3 4 3 4 3 3 2 4 5 4]
 [5 3 2 5 2 3 4 3 3 2 4 3 3 2 2 2]
 [4 2 3 3 5 5 3 3 2 5 4 3 5 4 3 4]
 [2 3 3 4 3 3 3 2 4 3 5 5 2 3 2 2]
 [3 4 2 5 3 2 4 2 3 4 4 3 4 3 3 3]
 [4 2 3 2 5 2 2 3 3 3 5 4 3 2 2 4]
 [3 3 4 3 4 4 3 4 4 2 2 5 2 5 5 3]
 [5 4 3 3 2 4 2 3 2 3 3 5 5 3 3 3]
 [4 3 5 5 3 4 4 4 5 3 5 3 5 2 3 3]
 [3 2 3 3 2 3 3 3 3 2 3 3 3 5 3 2]
 [6 4 2 3 3 4 2 2 2 4 4 4 3 3 3 4]
 [3 3 2 3 4 3 3 4 4 3 2 2 4 3 4 3]
 [4 2 4 2 3 2 4 3 3 3 3 3 3 5 2 3]
 [2 3 3 4 3 3 4 4 2 2 2 2 2 3 3 4]]
Need:
[[3 0 2 2 1 2 2 0 3 1 1 1 1 1 2 1]
 [1 2 1 2 1 1 1 1 1 1 2 1 1 1 1 1]
 [4 1 2 3 2 1 2 1 2 2 2 2 2 2 1 1]
 [1 1 0 1 1 1 1 0 0 0 0 0 0 0 0 0]
 [2 1 1 1 1 1 1 1 1 2 1 2 1 1 1 1]
 [2 1 1 2 1 1 2 1 2 1 2 2 2 1 1 1]
 [0 0 1 0 1 0 0 0 1 1 1 0 0 1 1 0]
 [2 1 1 2 1 1 1 1 1 1 1 2 1 1 1 1]
 [1 1 1 1 2 2 1 1 1 2 2 2 2 1 1 1]
 [1 1 1 1 1 1 1 1 1 1 2 2 1 1 1 1]
 [1 1 1 3 1 0 2 1 1 1 2 1 1 1 1 1]
 [1 1 1 1 2 1 1 1 1 1 2 2 1 1 1 1]
 [1 1 2 1 2 2 1 1 1 1 1 2 1 2 2 1]
 [2 1 1 1 1 1 1 1 1 1 1 2 2 1 1 1]
 [2 1 2 2 1 1 1 1 2 1 2 1 2 1 1 1]
 [2 1 1 2 1 1 1 1 1 1 2 1 1 2 1 1]
 [2 1 1 1 1 1 1 1 1 1 2 1 1 1 1 1]
 [1 1 1 1 1 1 1 1 1 1 1 1 1 1 1 1]
 [1 1 1 1 1 1 1 1 1 1 1 1 1 2 1 1]
 [1 1 1 1 1 1 1 1 1 1 1 1 1 1 1 1]]
Available: [ 9 25 15 33 22 30 23  6 30 17 41 25 23 46 49 28]
------------------------------------------------------------
Process 11 is requesting resources: [3 2 2 3 2 2 3 2 2 2 2 3 2 2 2 3]
Process 11 is requesting more than its maximum demand:
Request: [3 2 2 3 2 2 3 2 2 2 2 3 2 2 2 3]
Need:    [1 1 1 1 2 1 1 1 1 1 2 2 1 1 1 1]
Invalid request. Allocation rejected.
Current state of the system resources:
Total: [60 70 55 80 65 75 68 50 72 60 85 70 66 90 88 74]
Allocated:
[[3 4 2 5 2 3 3 3 1 3 4 3 2 4 2 3]
 [4 2 2 3 1 1 3 2 2 3 2 2 2 2 1 2]
 [3 4 3 2 2 2 2 1 3 2 3 3 2 1 2 2]
 [3 2 2 2 4 4 3 4 3 2 3 3 2 2 2 4]
 [1 3 2 4 3 3 3 2 2 3 1 2 2 2 2 2]
 [4 2 1 2 2 2 1 1 3 2 3 3 3 3 2 2]
 [3 3 4 2 3 2 3 4 2 3 2 3 2 3 4 4]
 [3 2 1 3 1 2 3 2 2 1 3 1 2 1 1 1]
 [3 1 2 2 3 3 2 2 1 3 2 1 3 3 2 3]
 [1 2 2 3 2 2 2 1 3 2 3 3 1 2 1 1]
 [2 3 1 2 2 2 2 1 2 3 2 2 3 2 2 2]
 [3 1 2 1 3 1 1 2 2 2 3 2 2 1 1 3]
 [2 2 2 2 2 2 2 3 3 1 1 3 1 3 3 2]
 [3 3 2 2 1 3 1 2 1 2 2 3 3 2 2 2]
 [2 2 3 3 2 3 3 3 3 2 3 2 3 1 2 2]
 [1 1 2 1 1 2 2 2 2 1 1 2 2 3 2 1]
 [4 3 1 2 2 3 1 1 1 3 2 3 2 2 2 3]
 [2 2 1 2 3 2 2 3 3 2 1 1 3 2 3 2]
 [3 1 3 1 2 1 3 2 2 2 2 2 2 3 1 2]
 [1 2 2 3 2 2 3 3 1 1 1 1 1 2 2 3]]
Maximum demand:
[[6 4 4 7 3 5 5 3 4 4 5 4 3 5 4 4]
 [5 4 3 5 2 2 4 3 3 4 4 3 3 3 2 3]
 [7 5 5 5 4 3 4 2 5 4 5 5 4 3 3 3]
 [4 3 2 3 5 5 4 4 3 2 3 3 2 2 2 4]
 [3 4 3 5 4 4 4 3 3 5 2 4 3 3 3 3]
 [6 3 2 4 3 3 3 2 5 3 5 5 5 4 3 3]
 [3 3 5 2 4 2 3 4 3 4 3 3 2 4 5 4]
 [5 3 2 5 2 3 4 3 3 2 4 3 3 2 2 2]
 [4 2 3 3 5 5 3 3 2 5 4 3 5 4 3 4]
 [2 3 3 4 3 3 3 2 4 3 5 5 2 3 2 2]
 [3 4 2 5 3 2 4 2 3 4 4 3 4 3 3 3]
 [4 2 3 2 5 2 2 3 3 3 5 4 3 2 2 4]
 [3 3 4 3 4 4 3 4 4 2 2 5 2 5 5 3]
 [5 4 3 3 2 4 2 3 2 3 3 5 5 3 3 3]
 [4 3 5 5 3 4 4 4 5 3 5 3 5 2 3 3]
 [3 2 3 3 2 3 3 3 3 2 3 3 3 5 3 2]
 [6 4 2 3 3 4 2 2 2 4 4 4 3 3 3 4]
 [3 3 2 3 4 3 3 4 4 3 2 2 4 3 4 3]
 [4 2 4 2 3 2 4 3 3 3 3 3 3 5 2 3]
 [2 3 3 4 3 3 4 4 2 2 2 2 2 3 3 4]]
Need:
[[3 0 2 2 1 2 2 0 3 1 1 1 1 1 2 1]
 [1 2 1 2 1 1 1 1 1 1 2 1 1 1 1 1]
 [4 1 2 3 2 1 2 1 2 2 2 2 2 2 1 1]
 [1 1 0 1 1 1 1 0 0 0 0 0 0 0 0 0]
 [2 1 1 1 1 1 1 1 1 2 1 2 1 1 1 1]
 [2 1 1 2 1 1 2 1 2 1 2 2 2 1 1 1]
 [0 0 1 0 1 0 0 0 1 1 1 0 0 1 1 0]
 [2 1 1 2 1 1 1 1 1 1 1 2 1 1 1 1]
 [1 1 1 1 2 2 1 1 1 2 2 2 2 1 1 1]
 [1 1 1 1 1 1 1 1 1 1 2 2 1 1 1 1]
 [1 1 1 3 1 0 2 1 1 1 2 1 1 1 1 1]
 [1 1 1 1 2 1 1 1 1 1 2 2 1 1 1 1]
 [1 1 2 1 2 2 1 1 1 1 1 2 1 2 2 1]
 [2 1 1 1 1 1 1 1 1 1 1 2 2 1 1 1]
 [2 1 2 2 1 1 1 1 2 1 2 1 2 1 1 1]
 [2 1 1 2 1 1 1 1 1 1 2 1 1 2 1 1]
 [2 1 1 1 1 1 1 1 1 1 2 1 1 1 1 1]
 [1 1 1 1 1 1 1 1 1 1 1 1 1 1 1 1]
 [1 1 1 1 1 1 1 1 1 1 1 1 1 2 1 1]
 [1 1 1 1 1 1 1 1 1 1 1 1 1 1 1 1]]
Available: [ 9 25 15 33 22 30 23  6 30 17 41 25 23 46 49 28]
------------------------------------------------------------
Process 12 is requesting resources: [2 1 2 1 3 1 2 2 2 1 1 3 1 2 2 1]
Process 12 is requesting more than its maximum demand:
Request: [2 1 2 1 3 1 2 2 2 1 1 3 1 2 2 1]
Need:    [1 1 2 1 2 2 1 1 1 1 1 2 1 2 2 1]
Invalid request. Allocation rejected.
Current state of the system resources:
Total: [60 70 55 80 65 75 68 50 72 60 85 70 66 90 88 74]
Allocated:
[[3 4 2 5 2 3 3 3 1 3 4 3 2 4 2 3]
 [4 2 2 3 1 1 3 2 2 3 2 2 2 2 1 2]
 [3 4 3 2 2 2 2 1 3 2 3 3 2 1 2 2]
 [3 2 2 2 4 4 3 4 3 2 3 3 2 2 2 4]
 [1 3 2 4 3 3 3 2 2 3 1 2 2 2 2 2]
 [4 2 1 2 2 2 1 1 3 2 3 3 3 3 2 2]
 [3 3 4 2 3 2 3 4 2 3 2 3 2 3 4 4]
 [3 2 1 3 1 2 3 2 2 1 3 1 2 1 1 1]
 [3 1 2 2 3 3 2 2 1 3 2 1 3 3 2 3]
 [1 2 2 3 2 2 2 1 3 2 3 3 1 2 1 1]
 [2 3 1 2 2 2 2 1 2 3 2 2 3 2 2 2]
 [3 1 2 1 3 1 1 2 2 2 3 2 2 1 1 3]
 [2 2 2 2 2 2 2 3 3 1 1 3 1 3 3 2]
 [3 3 2 2 1 3 1 2 1 2 2 3 3 2 2 2]
 [2 2 3 3 2 3 3 3 3 2 3 2 3 1 2 2]
 [1 1 2 1 1 2 2 2 2 1 1 2 2 3 2 1]
 [4 3 1 2 2 3 1 1 1 3 2 3 2 2 2 3]
 [2 2 1 2 3 2 2 3 3 2 1 1 3 2 3 2]
 [3 1 3 1 2 1 3 2 2 2 2 2 2 3 1 2]
 [1 2 2 3 2 2 3 3 1 1 1 1 1 2 2 3]]
Maximum demand:
[[6 4 4 7 3 5 5 3 4 4 5 4 3 5 4 4]
 [5 4 3 5 2 2 4 3 3 4 4 3 3 3 2 3]
 [7 5 5 5 4 3 4 2 5 4 5 5 4 3 3 3]
 [4 3 2 3 5 5 4 4 3 2 3 3 2 2 2 4]
 [3 4 3 5 4 4 4 3 3 5 2 4 3 3 3 3]
 [6 3 2 4 3 3 3 2 5 3 5 5 5 4 3 3]
 [3 3 5 2 4 2 3 4 3 4 3 3 2 4 5 4]
 [5 3 2 5 2 3 4 3 3 2 4 3 3 2 2 2]
 [4 2 3 3 5 5 3 3 2 5 4 3 5 4 3 4]
 [2 3 3 4 3 3 3 2 4 3 5 5 2 3 2 2]
 [3 4 2 5 3 2 4 2 3 4 4 3 4 3 3 3]
 [4 2 3 2 5 2 2 3 3 3 5 4 3 2 2 4]
 [3 3 4 3 4 4 3 4 4 2 2 5 2 5 5 3]
 [5 4 3 3 2 4 2 3 2 3 3 5 5 3 3 3]
 [4 3 5 5 3 4 4 4 5 3 5 3 5 2 3 3]
 [3 2 3 3 2 3 3 3 3 2 3 3 3 5 3 2]
 [6 4 2 3 3 4 2 2 2 4 4 4 3 3 3 4]
 [3 3 2 3 4 3 3 4 4 3 2 2 4 3 4 3]
 [4 2 4 2 3 2 4 3 3 3 3 3 3 5 2 3]
 [2 3 3 4 3 3 4 4 2 2 2 2 2 3 3 4]]
Need:
[[3 0 2 2 1 2 2 0 3 1 1 1 1 1 2 1]
 [1 2 1 2 1 1 1 1 1 1 2 1 1 1 1 1]
 [4 1 2 3 2 1 2 1 2 2 2 2 2 2 1 1]
 [1 1 0 1 1 1 1 0 0 0 0 0 0 0 0 0]
 [2 1 1 1 1 1 1 1 1 2 1 2 1 1 1 1]
 [2 1 1 2 1 1 2 1 2 1 2 2 2 1 1 1]
 [0 0 1 0 1 0 0 0 1 1 1 0 0 1 1 0]
 [2 1 1 2 1 1 1 1 1 1 1 2 1 1 1 1]
 [1 1 1 1 2 2 1 1 1 2 2 2 2 1 1 1]
 [1 1 1 1 1 1 1 1 1 1 2 2 1 1 1 1]
 [1 1 1 3 1 0 2 1 1 1 2 1 1 1 1 1]
 [1 1 1 1 2 1 1 1 1 1 2 2 1 1 1 1]
 [1 1 2 1 2 2 1 1 1 1 1 2 1 2 2 1]
 [2 1 1 1 1 1 1 1 1 1 1 2 2 1 1 1]
 [2 1 2 2 1 1 1 1 2 1 2 1 2 1 1 1]
 [2 1 1 2 1 1 1 1 1 1 2 1 1 2 1 1]
 [2 1 1 1 1 1 1 1 1 1 2 1 1 1 1 1]
 [1 1 1 1 1 1 1 1 1 1 1 1 1 1 1 1]
 [1 1 1 1 1 1 1 1 1 1 1 1 1 2 1 1]
 [1 1 1 1 1 1 1 1 1 1 1 1 1 1 1 1]]
Available: [ 9 25 15 33 22 30 23  6 30 17 41 25 23 46 49 28]
------------------------------------------------------------
Process 13 is requesting resources: [1 1 1 1 1 1 1 1 1 1 1 1 1 1 1 1]
Beginning system safety check...
Initial Work (Available Resources): [8, 24, 14, 32, 21, 29, 22, 5, 29, 16, 40, 24, 22, 45, 48, 27]
Process 0 can proceed. Need: [3, 0, 2, 2, 1, 2, 2, 0, 3, 1, 1, 1, 1, 1, 2, 1], Work: [8, 24, 14, 32, 21, 29, 22, 5, 29, 16, 40, 24, 22, 45, 48, 27]
Process 0 has finished. Updated Work: [11, 28, 16, 37, 23, 32, 25, 8, 30, 19, 44, 27, 24, 49, 50, 30]
Process 1 can proceed. Need: [1, 2, 1, 2, 1, 1, 1, 1, 1, 1, 2, 1, 1, 1, 1, 1], Work: [11, 28, 16, 37, 23, 32, 25, 8, 30, 19, 44, 27, 24, 49, 50, 30]
Process 1 has finished. Updated Work: [15, 30, 18, 40, 24, 33, 28, 10, 32, 22, 46, 29, 26, 51, 51, 32]
Process 2 can proceed. Need: [4, 1, 2, 3, 2, 1, 2, 1, 2, 2, 2, 2, 2, 2, 1, 1], Work: [15, 30, 18, 40, 24, 33, 28, 10, 32, 22, 46, 29, 26, 51, 51, 32]
Process 2 has finished. Updated Work: [18, 34, 21, 42, 26, 35, 30, 11, 35, 24, 49, 32, 28, 52, 53, 34]
Process 3 can proceed. Need: [1, 1, 0, 1, 1, 1, 1, 0, 0, 0, 0, 0, 0, 0, 0, 0], Work: [18, 34, 21, 42, 26, 35, 30, 11, 35, 24, 49, 32, 28, 52, 53, 34]
Process 3 has finished. Updated Work: [21, 36, 23, 44, 30, 39, 33, 15, 38, 26, 52, 35, 30, 54, 55, 38]
Process 4 can proceed. Need: [2, 1, 1, 1, 1, 1, 1, 1, 1, 2, 1, 2, 1, 1, 1, 1], Work: [21, 36, 23, 44, 30, 39, 33, 15, 38, 26, 52, 35, 30, 54, 55, 38]
Process 4 has finished. Updated Work: [22, 39, 25, 48, 33, 42, 36, 17, 40, 29, 53, 37, 32, 56, 57, 40]
Process 5 can proceed. Need: [2, 1, 1, 2, 1, 1, 2, 1, 2, 1, 2, 2, 2, 1, 1, 1], Work: [22, 39, 25, 48, 33, 42, 36, 17, 40, 29, 53, 37, 32, 56, 57, 40]
Process 5 has finished. Updated Work: [26, 41, 26, 50, 35, 44, 37, 18, 43, 31, 56, 40, 35, 59, 59, 42]
Process 6 can proceed. Need: [0, 0, 1, 0, 1, 0, 0, 0, 1, 1, 1, 0, 0, 1, 1, 0], Work: [26, 41, 26, 50, 35, 44, 37, 18, 43, 31, 56, 40, 35, 59, 59, 42]
Process 6 has finished. Updated Work: [29, 44, 30, 52, 38, 46, 40, 22, 45, 34, 58, 43, 37, 62, 63, 46]
Process 7 can proceed. Need: [2, 1, 1, 2, 1, 1, 1, 1, 1, 1, 1, 2, 1, 1, 1, 1], Work: [29, 44, 30, 52, 38, 46, 40, 22, 45, 34, 58, 43, 37, 62, 63, 46]
Process 7 has finished. Updated Work: [32, 46, 31, 55, 39, 48, 43, 24, 47, 35, 61, 44, 39, 63, 64, 47]
Process 8 can proceed. Need: [1, 1, 1, 1, 2, 2, 1, 1, 1, 2, 2, 2, 2, 1, 1, 1], Work: [32, 46, 31, 55, 39, 48, 43, 24, 47, 35, 61, 44, 39, 63, 64, 47]
Process 8 has finished. Updated Work: [35, 47, 33, 57, 42, 51, 45, 26, 48, 38, 63, 45, 42, 66, 66, 50]
Process 9 can proceed. Need: [1, 1, 1, 1, 1, 1, 1, 1, 1, 1, 2, 2, 1, 1, 1, 1], Work: [35, 47, 33, 57, 42, 51, 45, 26, 48, 38, 63, 45, 42, 66, 66, 50]
Process 9 has finished. Updated Work: [36, 49, 35, 60, 44, 53, 47, 27, 51, 40, 66, 48, 43, 68, 67, 51]
Process 10 can proceed. Need: [1, 1, 1, 3, 1, 0, 2, 1, 1, 1, 2, 1, 1, 1, 1, 1], Work: [36, 49, 35, 60, 44, 53, 47, 27, 51, 40, 66, 48, 43, 68, 67, 51]
Process 10 has finished. Updated Work: [38, 52, 36, 62, 46, 55, 49, 28, 53, 43, 68, 50, 46, 70, 69, 53]
Process 11 can proceed. Need: [1, 1, 1, 1, 2, 1, 1, 1, 1, 1, 2, 2, 1, 1, 1, 1], Work: [38, 52, 36, 62, 46, 55, 49, 28, 53, 43, 68, 50, 46, 70, 69, 53]
Process 11 has finished. Updated Work: [41, 53, 38, 63, 49, 56, 50, 30, 55, 45, 71, 52, 48, 71, 70, 56]
Process 12 can proceed. Need: [1, 1, 2, 1, 2, 2, 1, 1, 1, 1, 1, 2, 1, 2, 2, 1], Work: [41, 53, 38, 63, 49, 56, 50, 30, 55, 45, 71, 52, 48, 71, 70, 56]
Process 12 has finished. Updated Work: [43, 55, 40, 65, 51, 58, 52, 33, 58, 46, 72, 55, 49, 74, 73, 58]
Process 13 can proceed. Need: [1, 0, 0, 0, 0, 0, 0, 0, 0, 0, 0, 1, 1, 0, 0, 0], Work: [43, 55, 40, 65, 51, 58, 52, 33, 58, 46, 72, 55, 49, 74, 73, 58]
Process 13 has finished. Updated Work: [47, 59, 43, 68, 53, 62, 54, 36, 60, 49, 75, 59, 53, 77, 76, 61]
Process 14 can proceed. Need: [2, 1, 2, 2, 1, 1, 1, 1, 2, 1, 2, 1, 2, 1, 1, 1], Work: [47, 59, 43, 68, 53, 62, 54, 36, 60, 49, 75, 59, 53, 77, 76, 61]
Process 14 has finished. Updated Work: [49, 61, 46, 71, 55, 65, 57, 39, 63, 51, 78, 61, 56, 78, 78, 63]
Process 15 can proceed. Need: [2, 1, 1, 2, 1, 1, 1, 1, 1, 1, 2, 1, 1, 2, 1, 1], Work: [49, 61, 46, 71, 55, 65, 57, 39, 63, 51, 78, 61, 56, 78, 78, 63]
Process 15 has finished. Updated Work: [50, 62, 48, 72, 56, 67, 59, 41, 65, 52, 79, 63, 58, 81, 80, 64]
Process 16 can proceed. Need: [2, 1, 1, 1, 1, 1, 1, 1, 1, 1, 2, 1, 1, 1, 1, 1], Work: [50, 62, 48, 72, 56, 67, 59, 41, 65, 52, 79, 63, 58, 81, 80, 64]
Process 16 has finished. Updated Work: [54, 65, 49, 74, 58, 70, 60, 42, 66, 55, 81, 66, 60, 83, 82, 67]
Process 17 can proceed. Need: [1, 1, 1, 1, 1, 1, 1, 1, 1, 1, 1, 1, 1, 1, 1, 1], Work: [54, 65, 49, 74, 58, 70, 60, 42, 66, 55, 81, 66, 60, 83, 82, 67]
Process 17 has finished. Updated Work: [56, 67, 50, 76, 61, 72, 62, 45, 69, 57, 82, 67, 63, 85, 85, 69]
Process 18 can proceed. Need: [1, 1, 1, 1, 1, 1, 1, 1, 1, 1, 1, 1, 1, 2, 1, 1], Work: [56, 67, 50, 76, 61, 72, 62, 45, 69, 57, 82, 67, 63, 85, 85, 69]
Process 18 has finished. Updated Work: [59, 68, 53, 77, 63, 73, 65, 47, 71, 59, 84, 69, 65, 88, 86, 71]
Process 19 can proceed. Need: [1, 1, 1, 1, 1, 1, 1, 1, 1, 1, 1, 1, 1, 1, 1, 1], Work: [59, 68, 53, 77, 63, 73, 65, 47, 71, 59, 84, 69, 65, 88, 86, 71]
Process 19 has finished. Updated Work: [60, 70, 55, 80, 65, 75, 68, 50, 72, 60, 85, 70, 66, 90, 88, 74]
The system will be in a safe state. Safe sequence: [0, 1, 2, 3, 4, 5, 6, 7, 8, 9, 10, 11, 12, 13, 14, 15, 16, 17, 18, 19]
Request accepted. Allocation successful.
Current state of the system resources:
Total: [60 70 55 80 65 75 68 50 72 60 85 70 66 90 88 74]
Allocated:
[[3 4 2 5 2 3 3 3 1 3 4 3 2 4 2 3]
 [4 2 2 3 1 1 3 2 2 3 2 2 2 2 1 2]
 [3 4 3 2 2 2 2 1 3 2 3 3 2 1 2 2]
 [3 2 2 2 4 4 3 4 3 2 3 3 2 2 2 4]
 [1 3 2 4 3 3 3 2 2 3 1 2 2 2 2 2]
 [4 2 1 2 2 2 1 1 3 2 3 3 3 3 2 2]
 [3 3 4 2 3 2 3 4 2 3 2 3 2 3 4 4]
 [3 2 1 3 1 2 3 2 2 1 3 1 2 1 1 1]
 [3 1 2 2 3 3 2 2 1 3 2 1 3 3 2 3]
 [1 2 2 3 2 2 2 1 3 2 3 3 1 2 1 1]
 [2 3 1 2 2 2 2 1 2 3 2 2 3 2 2 2]
 [3 1 2 1 3 1 1 2 2 2 3 2 2 1 1 3]
 [2 2 2 2 2 2 2 3 3 1 1 3 1 3 3 2]
 [4 4 3 3 2 4 2 3 2 3 3 4 4 3 3 3]
 [2 2 3 3 2 3 3 3 3 2 3 2 3 1 2 2]
 [1 1 2 1 1 2 2 2 2 1 1 2 2 3 2 1]
 [4 3 1 2 2 3 1 1 1 3 2 3 2 2 2 3]
 [2 2 1 2 3 2 2 3 3 2 1 1 3 2 3 2]
 [3 1 3 1 2 1 3 2 2 2 2 2 2 3 1 2]
 [1 2 2 3 2 2 3 3 1 1 1 1 1 2 2 3]]
Maximum demand:
[[6 4 4 7 3 5 5 3 4 4 5 4 3 5 4 4]
 [5 4 3 5 2 2 4 3 3 4 4 3 3 3 2 3]
 [7 5 5 5 4 3 4 2 5 4 5 5 4 3 3 3]
 [4 3 2 3 5 5 4 4 3 2 3 3 2 2 2 4]
 [3 4 3 5 4 4 4 3 3 5 2 4 3 3 3 3]
 [6 3 2 4 3 3 3 2 5 3 5 5 5 4 3 3]
 [3 3 5 2 4 2 3 4 3 4 3 3 2 4 5 4]
 [5 3 2 5 2 3 4 3 3 2 4 3 3 2 2 2]
 [4 2 3 3 5 5 3 3 2 5 4 3 5 4 3 4]
 [2 3 3 4 3 3 3 2 4 3 5 5 2 3 2 2]
 [3 4 2 5 3 2 4 2 3 4 4 3 4 3 3 3]
 [4 2 3 2 5 2 2 3 3 3 5 4 3 2 2 4]
 [3 3 4 3 4 4 3 4 4 2 2 5 2 5 5 3]
 [5 4 3 3 2 4 2 3 2 3 3 5 5 3 3 3]
 [4 3 5 5 3 4 4 4 5 3 5 3 5 2 3 3]
 [3 2 3 3 2 3 3 3 3 2 3 3 3 5 3 2]
 [6 4 2 3 3 4 2 2 2 4 4 4 3 3 3 4]
 [3 3 2 3 4 3 3 4 4 3 2 2 4 3 4 3]
 [4 2 4 2 3 2 4 3 3 3 3 3 3 5 2 3]
 [2 3 3 4 3 3 4 4 2 2 2 2 2 3 3 4]]
Need:
[[3 0 2 2 1 2 2 0 3 1 1 1 1 1 2 1]
 [1 2 1 2 1 1 1 1 1 1 2 1 1 1 1 1]
 [4 1 2 3 2 1 2 1 2 2 2 2 2 2 1 1]
 [1 1 0 1 1 1 1 0 0 0 0 0 0 0 0 0]
 [2 1 1 1 1 1 1 1 1 2 1 2 1 1 1 1]
 [2 1 1 2 1 1 2 1 2 1 2 2 2 1 1 1]
 [0 0 1 0 1 0 0 0 1 1 1 0 0 1 1 0]
 [2 1 1 2 1 1 1 1 1 1 1 2 1 1 1 1]
 [1 1 1 1 2 2 1 1 1 2 2 2 2 1 1 1]
 [1 1 1 1 1 1 1 1 1 1 2 2 1 1 1 1]
 [1 1 1 3 1 0 2 1 1 1 2 1 1 1 1 1]
 [1 1 1 1 2 1 1 1 1 1 2 2 1 1 1 1]
 [1 1 2 1 2 2 1 1 1 1 1 2 1 2 2 1]
 [1 0 0 0 0 0 0 0 0 0 0 1 1 0 0 0]
 [2 1 2 2 1 1 1 1 2 1 2 1 2 1 1 1]
 [2 1 1 2 1 1 1 1 1 1 2 1 1 2 1 1]
 [2 1 1 1 1 1 1 1 1 1 2 1 1 1 1 1]
 [1 1 1 1 1 1 1 1 1 1 1 1 1 1 1 1]
 [1 1 1 1 1 1 1 1 1 1 1 1 1 2 1 1]
 [1 1 1 1 1 1 1 1 1 1 1 1 1 1 1 1]]
Available: [ 8 24 14 32 21 29 22  5 29 16 40 24 22 45 48 27]
------------------------------------------------------------
Process 14 is requesting resources: [2 2 2 2 2 2 2 2 2 2 2 2 2 2 2 2]
Process 14 is requesting more than its maximum demand:
Request: [2 2 2 2 2 2 2 2 2 2 2 2 2 2 2 2]
Need:    [2 1 2 2 1 1 1 1 2 1 2 1 2 1 1 1]
Invalid request. Allocation rejected.
Current state of the system resources:
Total: [60 70 55 80 65 75 68 50 72 60 85 70 66 90 88 74]
Allocated:
[[3 4 2 5 2 3 3 3 1 3 4 3 2 4 2 3]
 [4 2 2 3 1 1 3 2 2 3 2 2 2 2 1 2]
 [3 4 3 2 2 2 2 1 3 2 3 3 2 1 2 2]
 [3 2 2 2 4 4 3 4 3 2 3 3 2 2 2 4]
 [1 3 2 4 3 3 3 2 2 3 1 2 2 2 2 2]
 [4 2 1 2 2 2 1 1 3 2 3 3 3 3 2 2]
 [3 3 4 2 3 2 3 4 2 3 2 3 2 3 4 4]
 [3 2 1 3 1 2 3 2 2 1 3 1 2 1 1 1]
 [3 1 2 2 3 3 2 2 1 3 2 1 3 3 2 3]
 [1 2 2 3 2 2 2 1 3 2 3 3 1 2 1 1]
 [2 3 1 2 2 2 2 1 2 3 2 2 3 2 2 2]
 [3 1 2 1 3 1 1 2 2 2 3 2 2 1 1 3]
 [2 2 2 2 2 2 2 3 3 1 1 3 1 3 3 2]
 [4 4 3 3 2 4 2 3 2 3 3 4 4 3 3 3]
 [2 2 3 3 2 3 3 3 3 2 3 2 3 1 2 2]
 [1 1 2 1 1 2 2 2 2 1 1 2 2 3 2 1]
 [4 3 1 2 2 3 1 1 1 3 2 3 2 2 2 3]
 [2 2 1 2 3 2 2 3 3 2 1 1 3 2 3 2]
 [3 1 3 1 2 1 3 2 2 2 2 2 2 3 1 2]
 [1 2 2 3 2 2 3 3 1 1 1 1 1 2 2 3]]
Maximum demand:
[[6 4 4 7 3 5 5 3 4 4 5 4 3 5 4 4]
 [5 4 3 5 2 2 4 3 3 4 4 3 3 3 2 3]
 [7 5 5 5 4 3 4 2 5 4 5 5 4 3 3 3]
 [4 3 2 3 5 5 4 4 3 2 3 3 2 2 2 4]
 [3 4 3 5 4 4 4 3 3 5 2 4 3 3 3 3]
 [6 3 2 4 3 3 3 2 5 3 5 5 5 4 3 3]
 [3 3 5 2 4 2 3 4 3 4 3 3 2 4 5 4]
 [5 3 2 5 2 3 4 3 3 2 4 3 3 2 2 2]
 [4 2 3 3 5 5 3 3 2 5 4 3 5 4 3 4]
 [2 3 3 4 3 3 3 2 4 3 5 5 2 3 2 2]
 [3 4 2 5 3 2 4 2 3 4 4 3 4 3 3 3]
 [4 2 3 2 5 2 2 3 3 3 5 4 3 2 2 4]
 [3 3 4 3 4 4 3 4 4 2 2 5 2 5 5 3]
 [5 4 3 3 2 4 2 3 2 3 3 5 5 3 3 3]
 [4 3 5 5 3 4 4 4 5 3 5 3 5 2 3 3]
 [3 2 3 3 2 3 3 3 3 2 3 3 3 5 3 2]
 [6 4 2 3 3 4 2 2 2 4 4 4 3 3 3 4]
 [3 3 2 3 4 3 3 4 4 3 2 2 4 3 4 3]
 [4 2 4 2 3 2 4 3 3 3 3 3 3 5 2 3]
 [2 3 3 4 3 3 4 4 2 2 2 2 2 3 3 4]]
Need:
[[3 0 2 2 1 2 2 0 3 1 1 1 1 1 2 1]
 [1 2 1 2 1 1 1 1 1 1 2 1 1 1 1 1]
 [4 1 2 3 2 1 2 1 2 2 2 2 2 2 1 1]
 [1 1 0 1 1 1 1 0 0 0 0 0 0 0 0 0]
 [2 1 1 1 1 1 1 1 1 2 1 2 1 1 1 1]
 [2 1 1 2 1 1 2 1 2 1 2 2 2 1 1 1]
 [0 0 1 0 1 0 0 0 1 1 1 0 0 1 1 0]
 [2 1 1 2 1 1 1 1 1 1 1 2 1 1 1 1]
 [1 1 1 1 2 2 1 1 1 2 2 2 2 1 1 1]
 [1 1 1 1 1 1 1 1 1 1 2 2 1 1 1 1]
 [1 1 1 3 1 0 2 1 1 1 2 1 1 1 1 1]
 [1 1 1 1 2 1 1 1 1 1 2 2 1 1 1 1]
 [1 1 2 1 2 2 1 1 1 1 1 2 1 2 2 1]
 [1 0 0 0 0 0 0 0 0 0 0 1 1 0 0 0]
 [2 1 2 2 1 1 1 1 2 1 2 1 2 1 1 1]
 [2 1 1 2 1 1 1 1 1 1 2 1 1 2 1 1]
 [2 1 1 1 1 1 1 1 1 1 2 1 1 1 1 1]
 [1 1 1 1 1 1 1 1 1 1 1 1 1 1 1 1]
 [1 1 1 1 1 1 1 1 1 1 1 1 1 2 1 1]
 [1 1 1 1 1 1 1 1 1 1 1 1 1 1 1 1]]
Available: [ 8 24 14 32 21 29 22  5 29 16 40 24 22 45 48 27]
------------------------------------------------------------
Process 15 is requesting resources: [1 1 1 1 1 1 1 1 1 1 1 1 1 1 1 1]
Beginning system safety check...
Initial Work (Available Resources): [7, 23, 13, 31, 20, 28, 21, 4, 28, 15, 39, 23, 21, 44, 47, 26]
Process 0 can proceed. Need: [3, 0, 2, 2, 1, 2, 2, 0, 3, 1, 1, 1, 1, 1, 2, 1], Work: [7, 23, 13, 31, 20, 28, 21, 4, 28, 15, 39, 23, 21, 44, 47, 26]
Process 0 has finished. Updated Work: [10, 27, 15, 36, 22, 31, 24, 7, 29, 18, 43, 26, 23, 48, 49, 29]
Process 1 can proceed. Need: [1, 2, 1, 2, 1, 1, 1, 1, 1, 1, 2, 1, 1, 1, 1, 1], Work: [10, 27, 15, 36, 22, 31, 24, 7, 29, 18, 43, 26, 23, 48, 49, 29]
Process 1 has finished. Updated Work: [14, 29, 17, 39, 23, 32, 27, 9, 31, 21, 45, 28, 25, 50, 50, 31]
Process 2 can proceed. Need: [4, 1, 2, 3, 2, 1, 2, 1, 2, 2, 2, 2, 2, 2, 1, 1], Work: [14, 29, 17, 39, 23, 32, 27, 9, 31, 21, 45, 28, 25, 50, 50, 31]
Process 2 has finished. Updated Work: [17, 33, 20, 41, 25, 34, 29, 10, 34, 23, 48, 31, 27, 51, 52, 33]
Process 3 can proceed. Need: [1, 1, 0, 1, 1, 1, 1, 0, 0, 0, 0, 0, 0, 0, 0, 0], Work: [17, 33, 20, 41, 25, 34, 29, 10, 34, 23, 48, 31, 27, 51, 52, 33]
Process 3 has finished. Updated Work: [20, 35, 22, 43, 29, 38, 32, 14, 37, 25, 51, 34, 29, 53, 54, 37]
Process 4 can proceed. Need: [2, 1, 1, 1, 1, 1, 1, 1, 1, 2, 1, 2, 1, 1, 1, 1], Work: [20, 35, 22, 43, 29, 38, 32, 14, 37, 25, 51, 34, 29, 53, 54, 37]
Process 4 has finished. Updated Work: [21, 38, 24, 47, 32, 41, 35, 16, 39, 28, 52, 36, 31, 55, 56, 39]
Process 5 can proceed. Need: [2, 1, 1, 2, 1, 1, 2, 1, 2, 1, 2, 2, 2, 1, 1, 1], Work: [21, 38, 24, 47, 32, 41, 35, 16, 39, 28, 52, 36, 31, 55, 56, 39]
Process 5 has finished. Updated Work: [25, 40, 25, 49, 34, 43, 36, 17, 42, 30, 55, 39, 34, 58, 58, 41]
Process 6 can proceed. Need: [0, 0, 1, 0, 1, 0, 0, 0, 1, 1, 1, 0, 0, 1, 1, 0], Work: [25, 40, 25, 49, 34, 43, 36, 17, 42, 30, 55, 39, 34, 58, 58, 41]
Process 6 has finished. Updated Work: [28, 43, 29, 51, 37, 45, 39, 21, 44, 33, 57, 42, 36, 61, 62, 45]
Process 7 can proceed. Need: [2, 1, 1, 2, 1, 1, 1, 1, 1, 1, 1, 2, 1, 1, 1, 1], Work: [28, 43, 29, 51, 37, 45, 39, 21, 44, 33, 57, 42, 36, 61, 62, 45]
Process 7 has finished. Updated Work: [31, 45, 30, 54, 38, 47, 42, 23, 46, 34, 60, 43, 38, 62, 63, 46]
Process 8 can proceed. Need: [1, 1, 1, 1, 2, 2, 1, 1, 1, 2, 2, 2, 2, 1, 1, 1], Work: [31, 45, 30, 54, 38, 47, 42, 23, 46, 34, 60, 43, 38, 62, 63, 46]
Process 8 has finished. Updated Work: [34, 46, 32, 56, 41, 50, 44, 25, 47, 37, 62, 44, 41, 65, 65, 49]
Process 9 can proceed. Need: [1, 1, 1, 1, 1, 1, 1, 1, 1, 1, 2, 2, 1, 1, 1, 1], Work: [34, 46, 32, 56, 41, 50, 44, 25, 47, 37, 62, 44, 41, 65, 65, 49]
Process 9 has finished. Updated Work: [35, 48, 34, 59, 43, 52, 46, 26, 50, 39, 65, 47, 42, 67, 66, 50]
Process 10 can proceed. Need: [1, 1, 1, 3, 1, 0, 2, 1, 1, 1, 2, 1, 1, 1, 1, 1], Work: [35, 48, 34, 59, 43, 52, 46, 26, 50, 39, 65, 47, 42, 67, 66, 50]
Process 10 has finished. Updated Work: [37, 51, 35, 61, 45, 54, 48, 27, 52, 42, 67, 49, 45, 69, 68, 52]
Process 11 can proceed. Need: [1, 1, 1, 1, 2, 1, 1, 1, 1, 1, 2, 2, 1, 1, 1, 1], Work: [37, 51, 35, 61, 45, 54, 48, 27, 52, 42, 67, 49, 45, 69, 68, 52]
Process 11 has finished. Updated Work: [40, 52, 37, 62, 48, 55, 49, 29, 54, 44, 70, 51, 47, 70, 69, 55]
Process 12 can proceed. Need: [1, 1, 2, 1, 2, 2, 1, 1, 1, 1, 1, 2, 1, 2, 2, 1], Work: [40, 52, 37, 62, 48, 55, 49, 29, 54, 44, 70, 51, 47, 70, 69, 55]
Process 12 has finished. Updated Work: [42, 54, 39, 64, 50, 57, 51, 32, 57, 45, 71, 54, 48, 73, 72, 57]
Process 13 can proceed. Need: [1, 0, 0, 0, 0, 0, 0, 0, 0, 0, 0, 1, 1, 0, 0, 0], Work: [42, 54, 39, 64, 50, 57, 51, 32, 57, 45, 71, 54, 48, 73, 72, 57]
Process 13 has finished. Updated Work: [46, 58, 42, 67, 52, 61, 53, 35, 59, 48, 74, 58, 52, 76, 75, 60]
Process 14 can proceed. Need: [2, 1, 2, 2, 1, 1, 1, 1, 2, 1, 2, 1, 2, 1, 1, 1], Work: [46, 58, 42, 67, 52, 61, 53, 35, 59, 48, 74, 58, 52, 76, 75, 60]
Process 14 has finished. Updated Work: [48, 60, 45, 70, 54, 64, 56, 38, 62, 50, 77, 60, 55, 77, 77, 62]
Process 15 can proceed. Need: [1, 0, 0, 1, 0, 0, 0, 0, 0, 0, 1, 0, 0, 1, 0, 0], Work: [48, 60, 45, 70, 54, 64, 56, 38, 62, 50, 77, 60, 55, 77, 77, 62]
Process 15 has finished. Updated Work: [50, 62, 48, 72, 56, 67, 59, 41, 65, 52, 79, 63, 58, 81, 80, 64]
Process 16 can proceed. Need: [2, 1, 1, 1, 1, 1, 1, 1, 1, 1, 2, 1, 1, 1, 1, 1], Work: [50, 62, 48, 72, 56, 67, 59, 41, 65, 52, 79, 63, 58, 81, 80, 64]
Process 16 has finished. Updated Work: [54, 65, 49, 74, 58, 70, 60, 42, 66, 55, 81, 66, 60, 83, 82, 67]
Process 17 can proceed. Need: [1, 1, 1, 1, 1, 1, 1, 1, 1, 1, 1, 1, 1, 1, 1, 1], Work: [54, 65, 49, 74, 58, 70, 60, 42, 66, 55, 81, 66, 60, 83, 82, 67]
Process 17 has finished. Updated Work: [56, 67, 50, 76, 61, 72, 62, 45, 69, 57, 82, 67, 63, 85, 85, 69]
Process 18 can proceed. Need: [1, 1, 1, 1, 1, 1, 1, 1, 1, 1, 1, 1, 1, 2, 1, 1], Work: [56, 67, 50, 76, 61, 72, 62, 45, 69, 57, 82, 67, 63, 85, 85, 69]
Process 18 has finished. Updated Work: [59, 68, 53, 77, 63, 73, 65, 47, 71, 59, 84, 69, 65, 88, 86, 71]
Process 19 can proceed. Need: [1, 1, 1, 1, 1, 1, 1, 1, 1, 1, 1, 1, 1, 1, 1, 1], Work: [59, 68, 53, 77, 63, 73, 65, 47, 71, 59, 84, 69, 65, 88, 86, 71]
Process 19 has finished. Updated Work: [60, 70, 55, 80, 65, 75, 68, 50, 72, 60, 85, 70, 66, 90, 88, 74]
The system will be in a safe state. Safe sequence: [0, 1, 2, 3, 4, 5, 6, 7, 8, 9, 10, 11, 12, 13, 14, 15, 16, 17, 18, 19]
Request accepted. Allocation successful.
Current state of the system resources:
Total: [60 70 55 80 65 75 68 50 72 60 85 70 66 90 88 74]
Allocated:
[[3 4 2 5 2 3 3 3 1 3 4 3 2 4 2 3]
 [4 2 2 3 1 1 3 2 2 3 2 2 2 2 1 2]
 [3 4 3 2 2 2 2 1 3 2 3 3 2 1 2 2]
 [3 2 2 2 4 4 3 4 3 2 3 3 2 2 2 4]
 [1 3 2 4 3 3 3 2 2 3 1 2 2 2 2 2]
 [4 2 1 2 2 2 1 1 3 2 3 3 3 3 2 2]
 [3 3 4 2 3 2 3 4 2 3 2 3 2 3 4 4]
 [3 2 1 3 1 2 3 2 2 1 3 1 2 1 1 1]
 [3 1 2 2 3 3 2 2 1 3 2 1 3 3 2 3]
 [1 2 2 3 2 2 2 1 3 2 3 3 1 2 1 1]
 [2 3 1 2 2 2 2 1 2 3 2 2 3 2 2 2]
 [3 1 2 1 3 1 1 2 2 2 3 2 2 1 1 3]
 [2 2 2 2 2 2 2 3 3 1 1 3 1 3 3 2]
 [4 4 3 3 2 4 2 3 2 3 3 4 4 3 3 3]
 [2 2 3 3 2 3 3 3 3 2 3 2 3 1 2 2]
 [2 2 3 2 2 3 3 3 3 2 2 3 3 4 3 2]
 [4 3 1 2 2 3 1 1 1 3 2 3 2 2 2 3]
 [2 2 1 2 3 2 2 3 3 2 1 1 3 2 3 2]
 [3 1 3 1 2 1 3 2 2 2 2 2 2 3 1 2]
 [1 2 2 3 2 2 3 3 1 1 1 1 1 2 2 3]]
Maximum demand:
[[6 4 4 7 3 5 5 3 4 4 5 4 3 5 4 4]
 [5 4 3 5 2 2 4 3 3 4 4 3 3 3 2 3]
 [7 5 5 5 4 3 4 2 5 4 5 5 4 3 3 3]
 [4 3 2 3 5 5 4 4 3 2 3 3 2 2 2 4]
 [3 4 3 5 4 4 4 3 3 5 2 4 3 3 3 3]
 [6 3 2 4 3 3 3 2 5 3 5 5 5 4 3 3]
 [3 3 5 2 4 2 3 4 3 4 3 3 2 4 5 4]
 [5 3 2 5 2 3 4 3 3 2 4 3 3 2 2 2]
 [4 2 3 3 5 5 3 3 2 5 4 3 5 4 3 4]
 [2 3 3 4 3 3 3 2 4 3 5 5 2 3 2 2]
 [3 4 2 5 3 2 4 2 3 4 4 3 4 3 3 3]
 [4 2 3 2 5 2 2 3 3 3 5 4 3 2 2 4]
 [3 3 4 3 4 4 3 4 4 2 2 5 2 5 5 3]
 [5 4 3 3 2 4 2 3 2 3 3 5 5 3 3 3]
 [4 3 5 5 3 4 4 4 5 3 5 3 5 2 3 3]
 [3 2 3 3 2 3 3 3 3 2 3 3 3 5 3 2]
 [6 4 2 3 3 4 2 2 2 4 4 4 3 3 3 4]
 [3 3 2 3 4 3 3 4 4 3 2 2 4 3 4 3]
 [4 2 4 2 3 2 4 3 3 3 3 3 3 5 2 3]
 [2 3 3 4 3 3 4 4 2 2 2 2 2 3 3 4]]
Need:
[[3 0 2 2 1 2 2 0 3 1 1 1 1 1 2 1]
 [1 2 1 2 1 1 1 1 1 1 2 1 1 1 1 1]
 [4 1 2 3 2 1 2 1 2 2 2 2 2 2 1 1]
 [1 1 0 1 1 1 1 0 0 0 0 0 0 0 0 0]
 [2 1 1 1 1 1 1 1 1 2 1 2 1 1 1 1]
 [2 1 1 2 1 1 2 1 2 1 2 2 2 1 1 1]
 [0 0 1 0 1 0 0 0 1 1 1 0 0 1 1 0]
 [2 1 1 2 1 1 1 1 1 1 1 2 1 1 1 1]
 [1 1 1 1 2 2 1 1 1 2 2 2 2 1 1 1]
 [1 1 1 1 1 1 1 1 1 1 2 2 1 1 1 1]
 [1 1 1 3 1 0 2 1 1 1 2 1 1 1 1 1]
 [1 1 1 1 2 1 1 1 1 1 2 2 1 1 1 1]
 [1 1 2 1 2 2 1 1 1 1 1 2 1 2 2 1]
 [1 0 0 0 0 0 0 0 0 0 0 1 1 0 0 0]
 [2 1 2 2 1 1 1 1 2 1 2 1 2 1 1 1]
 [1 0 0 1 0 0 0 0 0 0 1 0 0 1 0 0]
 [2 1 1 1 1 1 1 1 1 1 2 1 1 1 1 1]
 [1 1 1 1 1 1 1 1 1 1 1 1 1 1 1 1]
 [1 1 1 1 1 1 1 1 1 1 1 1 1 2 1 1]
 [1 1 1 1 1 1 1 1 1 1 1 1 1 1 1 1]]
Available: [ 7 23 13 31 20 28 21  4 28 15 39 23 21 44 47 26]
------------------------------------------------------------
Process 16 is requesting resources: [1 2 1 1 2 2 2 2 1 2 1 2 1 2 2 2]
Process 16 is requesting more than its maximum demand:
Request: [1 2 1 1 2 2 2 2 1 2 1 2 1 2 2 2]
Need:    [2 1 1 1 1 1 1 1 1 1 2 1 1 1 1 1]
Invalid request. Allocation rejected.
Current state of the system resources:
Total: [60 70 55 80 65 75 68 50 72 60 85 70 66 90 88 74]
Allocated:
[[3 4 2 5 2 3 3 3 1 3 4 3 2 4 2 3]
 [4 2 2 3 1 1 3 2 2 3 2 2 2 2 1 2]
 [3 4 3 2 2 2 2 1 3 2 3 3 2 1 2 2]
 [3 2 2 2 4 4 3 4 3 2 3 3 2 2 2 4]
 [1 3 2 4 3 3 3 2 2 3 1 2 2 2 2 2]
 [4 2 1 2 2 2 1 1 3 2 3 3 3 3 2 2]
 [3 3 4 2 3 2 3 4 2 3 2 3 2 3 4 4]
 [3 2 1 3 1 2 3 2 2 1 3 1 2 1 1 1]
 [3 1 2 2 3 3 2 2 1 3 2 1 3 3 2 3]
 [1 2 2 3 2 2 2 1 3 2 3 3 1 2 1 1]
 [2 3 1 2 2 2 2 1 2 3 2 2 3 2 2 2]
 [3 1 2 1 3 1 1 2 2 2 3 2 2 1 1 3]
 [2 2 2 2 2 2 2 3 3 1 1 3 1 3 3 2]
 [4 4 3 3 2 4 2 3 2 3 3 4 4 3 3 3]
 [2 2 3 3 2 3 3 3 3 2 3 2 3 1 2 2]
 [2 2 3 2 2 3 3 3 3 2 2 3 3 4 3 2]
 [4 3 1 2 2 3 1 1 1 3 2 3 2 2 2 3]
 [2 2 1 2 3 2 2 3 3 2 1 1 3 2 3 2]
 [3 1 3 1 2 1 3 2 2 2 2 2 2 3 1 2]
 [1 2 2 3 2 2 3 3 1 1 1 1 1 2 2 3]]
Maximum demand:
[[6 4 4 7 3 5 5 3 4 4 5 4 3 5 4 4]
 [5 4 3 5 2 2 4 3 3 4 4 3 3 3 2 3]
 [7 5 5 5 4 3 4 2 5 4 5 5 4 3 3 3]
 [4 3 2 3 5 5 4 4 3 2 3 3 2 2 2 4]
 [3 4 3 5 4 4 4 3 3 5 2 4 3 3 3 3]
 [6 3 2 4 3 3 3 2 5 3 5 5 5 4 3 3]
 [3 3 5 2 4 2 3 4 3 4 3 3 2 4 5 4]
 [5 3 2 5 2 3 4 3 3 2 4 3 3 2 2 2]
 [4 2 3 3 5 5 3 3 2 5 4 3 5 4 3 4]
 [2 3 3 4 3 3 3 2 4 3 5 5 2 3 2 2]
 [3 4 2 5 3 2 4 2 3 4 4 3 4 3 3 3]
 [4 2 3 2 5 2 2 3 3 3 5 4 3 2 2 4]
 [3 3 4 3 4 4 3 4 4 2 2 5 2 5 5 3]
 [5 4 3 3 2 4 2 3 2 3 3 5 5 3 3 3]
 [4 3 5 5 3 4 4 4 5 3 5 3 5 2 3 3]
 [3 2 3 3 2 3 3 3 3 2 3 3 3 5 3 2]
 [6 4 2 3 3 4 2 2 2 4 4 4 3 3 3 4]
 [3 3 2 3 4 3 3 4 4 3 2 2 4 3 4 3]
 [4 2 4 2 3 2 4 3 3 3 3 3 3 5 2 3]
 [2 3 3 4 3 3 4 4 2 2 2 2 2 3 3 4]]
Need:
[[3 0 2 2 1 2 2 0 3 1 1 1 1 1 2 1]
 [1 2 1 2 1 1 1 1 1 1 2 1 1 1 1 1]
 [4 1 2 3 2 1 2 1 2 2 2 2 2 2 1 1]
 [1 1 0 1 1 1 1 0 0 0 0 0 0 0 0 0]
 [2 1 1 1 1 1 1 1 1 2 1 2 1 1 1 1]
 [2 1 1 2 1 1 2 1 2 1 2 2 2 1 1 1]
 [0 0 1 0 1 0 0 0 1 1 1 0 0 1 1 0]
 [2 1 1 2 1 1 1 1 1 1 1 2 1 1 1 1]
 [1 1 1 1 2 2 1 1 1 2 2 2 2 1 1 1]
 [1 1 1 1 1 1 1 1 1 1 2 2 1 1 1 1]
 [1 1 1 3 1 0 2 1 1 1 2 1 1 1 1 1]
 [1 1 1 1 2 1 1 1 1 1 2 2 1 1 1 1]
 [1 1 2 1 2 2 1 1 1 1 1 2 1 2 2 1]
 [1 0 0 0 0 0 0 0 0 0 0 1 1 0 0 0]
 [2 1 2 2 1 1 1 1 2 1 2 1 2 1 1 1]
 [1 0 0 1 0 0 0 0 0 0 1 0 0 1 0 0]
 [2 1 1 1 1 1 1 1 1 1 2 1 1 1 1 1]
 [1 1 1 1 1 1 1 1 1 1 1 1 1 1 1 1]
 [1 1 1 1 1 1 1 1 1 1 1 1 1 2 1 1]
 [1 1 1 1 1 1 1 1 1 1 1 1 1 1 1 1]]
Available: [ 7 23 13 31 20 28 21  4 28 15 39 23 21 44 47 26]
------------------------------------------------------------
Process 17 is requesting resources: [2 1 1 2 1 1 2 1 1 2 1 2 1 1 1 1]
Process 17 is requesting more than its maximum demand:
Request: [2 1 1 2 1 1 2 1 1 2 1 2 1 1 1 1]
Need:    [1 1 1 1 1 1 1 1 1 1 1 1 1 1 1 1]
Invalid request. Allocation rejected.
Current state of the system resources:
Total: [60 70 55 80 65 75 68 50 72 60 85 70 66 90 88 74]
Allocated:
[[3 4 2 5 2 3 3 3 1 3 4 3 2 4 2 3]
 [4 2 2 3 1 1 3 2 2 3 2 2 2 2 1 2]
 [3 4 3 2 2 2 2 1 3 2 3 3 2 1 2 2]
 [3 2 2 2 4 4 3 4 3 2 3 3 2 2 2 4]
 [1 3 2 4 3 3 3 2 2 3 1 2 2 2 2 2]
 [4 2 1 2 2 2 1 1 3 2 3 3 3 3 2 2]
 [3 3 4 2 3 2 3 4 2 3 2 3 2 3 4 4]
 [3 2 1 3 1 2 3 2 2 1 3 1 2 1 1 1]
 [3 1 2 2 3 3 2 2 1 3 2 1 3 3 2 3]
 [1 2 2 3 2 2 2 1 3 2 3 3 1 2 1 1]
 [2 3 1 2 2 2 2 1 2 3 2 2 3 2 2 2]
 [3 1 2 1 3 1 1 2 2 2 3 2 2 1 1 3]
 [2 2 2 2 2 2 2 3 3 1 1 3 1 3 3 2]
 [4 4 3 3 2 4 2 3 2 3 3 4 4 3 3 3]
 [2 2 3 3 2 3 3 3 3 2 3 2 3 1 2 2]
 [2 2 3 2 2 3 3 3 3 2 2 3 3 4 3 2]
 [4 3 1 2 2 3 1 1 1 3 2 3 2 2 2 3]
 [2 2 1 2 3 2 2 3 3 2 1 1 3 2 3 2]
 [3 1 3 1 2 1 3 2 2 2 2 2 2 3 1 2]
 [1 2 2 3 2 2 3 3 1 1 1 1 1 2 2 3]]
Maximum demand:
[[6 4 4 7 3 5 5 3 4 4 5 4 3 5 4 4]
 [5 4 3 5 2 2 4 3 3 4 4 3 3 3 2 3]
 [7 5 5 5 4 3 4 2 5 4 5 5 4 3 3 3]
 [4 3 2 3 5 5 4 4 3 2 3 3 2 2 2 4]
 [3 4 3 5 4 4 4 3 3 5 2 4 3 3 3 3]
 [6 3 2 4 3 3 3 2 5 3 5 5 5 4 3 3]
 [3 3 5 2 4 2 3 4 3 4 3 3 2 4 5 4]
 [5 3 2 5 2 3 4 3 3 2 4 3 3 2 2 2]
 [4 2 3 3 5 5 3 3 2 5 4 3 5 4 3 4]
 [2 3 3 4 3 3 3 2 4 3 5 5 2 3 2 2]
 [3 4 2 5 3 2 4 2 3 4 4 3 4 3 3 3]
 [4 2 3 2 5 2 2 3 3 3 5 4 3 2 2 4]
 [3 3 4 3 4 4 3 4 4 2 2 5 2 5 5 3]
 [5 4 3 3 2 4 2 3 2 3 3 5 5 3 3 3]
 [4 3 5 5 3 4 4 4 5 3 5 3 5 2 3 3]
 [3 2 3 3 2 3 3 3 3 2 3 3 3 5 3 2]
 [6 4 2 3 3 4 2 2 2 4 4 4 3 3 3 4]
 [3 3 2 3 4 3 3 4 4 3 2 2 4 3 4 3]
 [4 2 4 2 3 2 4 3 3 3 3 3 3 5 2 3]
 [2 3 3 4 3 3 4 4 2 2 2 2 2 3 3 4]]
Need:
[[3 0 2 2 1 2 2 0 3 1 1 1 1 1 2 1]
 [1 2 1 2 1 1 1 1 1 1 2 1 1 1 1 1]
 [4 1 2 3 2 1 2 1 2 2 2 2 2 2 1 1]
 [1 1 0 1 1 1 1 0 0 0 0 0 0 0 0 0]
 [2 1 1 1 1 1 1 1 1 2 1 2 1 1 1 1]
 [2 1 1 2 1 1 2 1 2 1 2 2 2 1 1 1]
 [0 0 1 0 1 0 0 0 1 1 1 0 0 1 1 0]
 [2 1 1 2 1 1 1 1 1 1 1 2 1 1 1 1]
 [1 1 1 1 2 2 1 1 1 2 2 2 2 1 1 1]
 [1 1 1 1 1 1 1 1 1 1 2 2 1 1 1 1]
 [1 1 1 3 1 0 2 1 1 1 2 1 1 1 1 1]
 [1 1 1 1 2 1 1 1 1 1 2 2 1 1 1 1]
 [1 1 2 1 2 2 1 1 1 1 1 2 1 2 2 1]
 [1 0 0 0 0 0 0 0 0 0 0 1 1 0 0 0]
 [2 1 2 2 1 1 1 1 2 1 2 1 2 1 1 1]
 [1 0 0 1 0 0 0 0 0 0 1 0 0 1 0 0]
 [2 1 1 1 1 1 1 1 1 1 2 1 1 1 1 1]
 [1 1 1 1 1 1 1 1 1 1 1 1 1 1 1 1]
 [1 1 1 1 1 1 1 1 1 1 1 1 1 2 1 1]
 [1 1 1 1 1 1 1 1 1 1 1 1 1 1 1 1]]
Available: [ 7 23 13 31 20 28 21  4 28 15 39 23 21 44 47 26]
------------------------------------------------------------
Process 18 is requesting resources: [3 2 2 3 2 2 3 3 2 2 2 2 2 3 2 3]
Process 18 is requesting more than its maximum demand:
Request: [3 2 2 3 2 2 3 3 2 2 2 2 2 3 2 3]
Need:    [1 1 1 1 1 1 1 1 1 1 1 1 1 2 1 1]
Invalid request. Allocation rejected.
Current state of the system resources:
Total: [60 70 55 80 65 75 68 50 72 60 85 70 66 90 88 74]
Allocated:
[[3 4 2 5 2 3 3 3 1 3 4 3 2 4 2 3]
 [4 2 2 3 1 1 3 2 2 3 2 2 2 2 1 2]
 [3 4 3 2 2 2 2 1 3 2 3 3 2 1 2 2]
 [3 2 2 2 4 4 3 4 3 2 3 3 2 2 2 4]
 [1 3 2 4 3 3 3 2 2 3 1 2 2 2 2 2]
 [4 2 1 2 2 2 1 1 3 2 3 3 3 3 2 2]
 [3 3 4 2 3 2 3 4 2 3 2 3 2 3 4 4]
 [3 2 1 3 1 2 3 2 2 1 3 1 2 1 1 1]
 [3 1 2 2 3 3 2 2 1 3 2 1 3 3 2 3]
 [1 2 2 3 2 2 2 1 3 2 3 3 1 2 1 1]
 [2 3 1 2 2 2 2 1 2 3 2 2 3 2 2 2]
 [3 1 2 1 3 1 1 2 2 2 3 2 2 1 1 3]
 [2 2 2 2 2 2 2 3 3 1 1 3 1 3 3 2]
 [4 4 3 3 2 4 2 3 2 3 3 4 4 3 3 3]
 [2 2 3 3 2 3 3 3 3 2 3 2 3 1 2 2]
 [2 2 3 2 2 3 3 3 3 2 2 3 3 4 3 2]
 [4 3 1 2 2 3 1 1 1 3 2 3 2 2 2 3]
 [2 2 1 2 3 2 2 3 3 2 1 1 3 2 3 2]
 [3 1 3 1 2 1 3 2 2 2 2 2 2 3 1 2]
 [1 2 2 3 2 2 3 3 1 1 1 1 1 2 2 3]]
Maximum demand:
[[6 4 4 7 3 5 5 3 4 4 5 4 3 5 4 4]
 [5 4 3 5 2 2 4 3 3 4 4 3 3 3 2 3]
 [7 5 5 5 4 3 4 2 5 4 5 5 4 3 3 3]
 [4 3 2 3 5 5 4 4 3 2 3 3 2 2 2 4]
 [3 4 3 5 4 4 4 3 3 5 2 4 3 3 3 3]
 [6 3 2 4 3 3 3 2 5 3 5 5 5 4 3 3]
 [3 3 5 2 4 2 3 4 3 4 3 3 2 4 5 4]
 [5 3 2 5 2 3 4 3 3 2 4 3 3 2 2 2]
 [4 2 3 3 5 5 3 3 2 5 4 3 5 4 3 4]
 [2 3 3 4 3 3 3 2 4 3 5 5 2 3 2 2]
 [3 4 2 5 3 2 4 2 3 4 4 3 4 3 3 3]
 [4 2 3 2 5 2 2 3 3 3 5 4 3 2 2 4]
 [3 3 4 3 4 4 3 4 4 2 2 5 2 5 5 3]
 [5 4 3 3 2 4 2 3 2 3 3 5 5 3 3 3]
 [4 3 5 5 3 4 4 4 5 3 5 3 5 2 3 3]
 [3 2 3 3 2 3 3 3 3 2 3 3 3 5 3 2]
 [6 4 2 3 3 4 2 2 2 4 4 4 3 3 3 4]
 [3 3 2 3 4 3 3 4 4 3 2 2 4 3 4 3]
 [4 2 4 2 3 2 4 3 3 3 3 3 3 5 2 3]
 [2 3 3 4 3 3 4 4 2 2 2 2 2 3 3 4]]
Need:
[[3 0 2 2 1 2 2 0 3 1 1 1 1 1 2 1]
 [1 2 1 2 1 1 1 1 1 1 2 1 1 1 1 1]
 [4 1 2 3 2 1 2 1 2 2 2 2 2 2 1 1]
 [1 1 0 1 1 1 1 0 0 0 0 0 0 0 0 0]
 [2 1 1 1 1 1 1 1 1 2 1 2 1 1 1 1]
 [2 1 1 2 1 1 2 1 2 1 2 2 2 1 1 1]
 [0 0 1 0 1 0 0 0 1 1 1 0 0 1 1 0]
 [2 1 1 2 1 1 1 1 1 1 1 2 1 1 1 1]
 [1 1 1 1 2 2 1 1 1 2 2 2 2 1 1 1]
 [1 1 1 1 1 1 1 1 1 1 2 2 1 1 1 1]
 [1 1 1 3 1 0 2 1 1 1 2 1 1 1 1 1]
 [1 1 1 1 2 1 1 1 1 1 2 2 1 1 1 1]
 [1 1 2 1 2 2 1 1 1 1 1 2 1 2 2 1]
 [1 0 0 0 0 0 0 0 0 0 0 1 1 0 0 0]
 [2 1 2 2 1 1 1 1 2 1 2 1 2 1 1 1]
 [1 0 0 1 0 0 0 0 0 0 1 0 0 1 0 0]
 [2 1 1 1 1 1 1 1 1 1 2 1 1 1 1 1]
 [1 1 1 1 1 1 1 1 1 1 1 1 1 1 1 1]
 [1 1 1 1 1 1 1 1 1 1 1 1 1 2 1 1]
 [1 1 1 1 1 1 1 1 1 1 1 1 1 1 1 1]]
Available: [ 7 23 13 31 20 28 21  4 28 15 39 23 21 44 47 26]
------------------------------------------------------------
Process 19 is requesting resources: [1 1 1 1 1 1 1 1 1 1 1 1 1 1 1 1]
Beginning system safety check...
Initial Work (Available Resources): [6, 22, 12, 30, 19, 27, 20, 3, 27, 14, 38, 22, 20, 43, 46, 25]
Process 0 can proceed. Need: [3, 0, 2, 2, 1, 2, 2, 0, 3, 1, 1, 1, 1, 1, 2, 1], Work: [6, 22, 12, 30, 19, 27, 20, 3, 27, 14, 38, 22, 20, 43, 46, 25]
Process 0 has finished. Updated Work: [9, 26, 14, 35, 21, 30, 23, 6, 28, 17, 42, 25, 22, 47, 48, 28]
Process 1 can proceed. Need: [1, 2, 1, 2, 1, 1, 1, 1, 1, 1, 2, 1, 1, 1, 1, 1], Work: [9, 26, 14, 35, 21, 30, 23, 6, 28, 17, 42, 25, 22, 47, 48, 28]
Process 1 has finished. Updated Work: [13, 28, 16, 38, 22, 31, 26, 8, 30, 20, 44, 27, 24, 49, 49, 30]
Process 2 can proceed. Need: [4, 1, 2, 3, 2, 1, 2, 1, 2, 2, 2, 2, 2, 2, 1, 1], Work: [13, 28, 16, 38, 22, 31, 26, 8, 30, 20, 44, 27, 24, 49, 49, 30]
Process 2 has finished. Updated Work: [16, 32, 19, 40, 24, 33, 28, 9, 33, 22, 47, 30, 26, 50, 51, 32]
Process 3 can proceed. Need: [1, 1, 0, 1, 1, 1, 1, 0, 0, 0, 0, 0, 0, 0, 0, 0], Work: [16, 32, 19, 40, 24, 33, 28, 9, 33, 22, 47, 30, 26, 50, 51, 32]
Process 3 has finished. Updated Work: [19, 34, 21, 42, 28, 37, 31, 13, 36, 24, 50, 33, 28, 52, 53, 36]
Process 4 can proceed. Need: [2, 1, 1, 1, 1, 1, 1, 1, 1, 2, 1, 2, 1, 1, 1, 1], Work: [19, 34, 21, 42, 28, 37, 31, 13, 36, 24, 50, 33, 28, 52, 53, 36]
Process 4 has finished. Updated Work: [20, 37, 23, 46, 31, 40, 34, 15, 38, 27, 51, 35, 30, 54, 55, 38]
Process 5 can proceed. Need: [2, 1, 1, 2, 1, 1, 2, 1, 2, 1, 2, 2, 2, 1, 1, 1], Work: [20, 37, 23, 46, 31, 40, 34, 15, 38, 27, 51, 35, 30, 54, 55, 38]
Process 5 has finished. Updated Work: [24, 39, 24, 48, 33, 42, 35, 16, 41, 29, 54, 38, 33, 57, 57, 40]
Process 6 can proceed. Need: [0, 0, 1, 0, 1, 0, 0, 0, 1, 1, 1, 0, 0, 1, 1, 0], Work: [24, 39, 24, 48, 33, 42, 35, 16, 41, 29, 54, 38, 33, 57, 57, 40]
Process 6 has finished. Updated Work: [27, 42, 28, 50, 36, 44, 38, 20, 43, 32, 56, 41, 35, 60, 61, 44]
Process 7 can proceed. Need: [2, 1, 1, 2, 1, 1, 1, 1, 1, 1, 1, 2, 1, 1, 1, 1], Work: [27, 42, 28, 50, 36, 44, 38, 20, 43, 32, 56, 41, 35, 60, 61, 44]
Process 7 has finished. Updated Work: [30, 44, 29, 53, 37, 46, 41, 22, 45, 33, 59, 42, 37, 61, 62, 45]
Process 8 can proceed. Need: [1, 1, 1, 1, 2, 2, 1, 1, 1, 2, 2, 2, 2, 1, 1, 1], Work: [30, 44, 29, 53, 37, 46, 41, 22, 45, 33, 59, 42, 37, 61, 62, 45]
Process 8 has finished. Updated Work: [33, 45, 31, 55, 40, 49, 43, 24, 46, 36, 61, 43, 40, 64, 64, 48]
Process 9 can proceed. Need: [1, 1, 1, 1, 1, 1, 1, 1, 1, 1, 2, 2, 1, 1, 1, 1], Work: [33, 45, 31, 55, 40, 49, 43, 24, 46, 36, 61, 43, 40, 64, 64, 48]
Process 9 has finished. Updated Work: [34, 47, 33, 58, 42, 51, 45, 25, 49, 38, 64, 46, 41, 66, 65, 49]
Process 10 can proceed. Need: [1, 1, 1, 3, 1, 0, 2, 1, 1, 1, 2, 1, 1, 1, 1, 1], Work: [34, 47, 33, 58, 42, 51, 45, 25, 49, 38, 64, 46, 41, 66, 65, 49]
Process 10 has finished. Updated Work: [36, 50, 34, 60, 44, 53, 47, 26, 51, 41, 66, 48, 44, 68, 67, 51]
Process 11 can proceed. Need: [1, 1, 1, 1, 2, 1, 1, 1, 1, 1, 2, 2, 1, 1, 1, 1], Work: [36, 50, 34, 60, 44, 53, 47, 26, 51, 41, 66, 48, 44, 68, 67, 51]
Process 11 has finished. Updated Work: [39, 51, 36, 61, 47, 54, 48, 28, 53, 43, 69, 50, 46, 69, 68, 54]
Process 12 can proceed. Need: [1, 1, 2, 1, 2, 2, 1, 1, 1, 1, 1, 2, 1, 2, 2, 1], Work: [39, 51, 36, 61, 47, 54, 48, 28, 53, 43, 69, 50, 46, 69, 68, 54]
Process 12 has finished. Updated Work: [41, 53, 38, 63, 49, 56, 50, 31, 56, 44, 70, 53, 47, 72, 71, 56]
Process 13 can proceed. Need: [1, 0, 0, 0, 0, 0, 0, 0, 0, 0, 0, 1, 1, 0, 0, 0], Work: [41, 53, 38, 63, 49, 56, 50, 31, 56, 44, 70, 53, 47, 72, 71, 56]
Process 13 has finished. Updated Work: [45, 57, 41, 66, 51, 60, 52, 34, 58, 47, 73, 57, 51, 75, 74, 59]
Process 14 can proceed. Need: [2, 1, 2, 2, 1, 1, 1, 1, 2, 1, 2, 1, 2, 1, 1, 1], Work: [45, 57, 41, 66, 51, 60, 52, 34, 58, 47, 73, 57, 51, 75, 74, 59]
Process 14 has finished. Updated Work: [47, 59, 44, 69, 53, 63, 55, 37, 61, 49, 76, 59, 54, 76, 76, 61]
Process 15 can proceed. Need: [1, 0, 0, 1, 0, 0, 0, 0, 0, 0, 1, 0, 0, 1, 0, 0], Work: [47, 59, 44, 69, 53, 63, 55, 37, 61, 49, 76, 59, 54, 76, 76, 61]
Process 15 has finished. Updated Work: [49, 61, 47, 71, 55, 66, 58, 40, 64, 51, 78, 62, 57, 80, 79, 63]
Process 16 can proceed. Need: [2, 1, 1, 1, 1, 1, 1, 1, 1, 1, 2, 1, 1, 1, 1, 1], Work: [49, 61, 47, 71, 55, 66, 58, 40, 64, 51, 78, 62, 57, 80, 79, 63]
Process 16 has finished. Updated Work: [53, 64, 48, 73, 57, 69, 59, 41, 65, 54, 80, 65, 59, 82, 81, 66]
Process 17 can proceed. Need: [1, 1, 1, 1, 1, 1, 1, 1, 1, 1, 1, 1, 1, 1, 1, 1], Work: [53, 64, 48, 73, 57, 69, 59, 41, 65, 54, 80, 65, 59, 82, 81, 66]
Process 17 has finished. Updated Work: [55, 66, 49, 75, 60, 71, 61, 44, 68, 56, 81, 66, 62, 84, 84, 68]
Process 18 can proceed. Need: [1, 1, 1, 1, 1, 1, 1, 1, 1, 1, 1, 1, 1, 2, 1, 1], Work: [55, 66, 49, 75, 60, 71, 61, 44, 68, 56, 81, 66, 62, 84, 84, 68]
Process 18 has finished. Updated Work: [58, 67, 52, 76, 62, 72, 64, 46, 70, 58, 83, 68, 64, 87, 85, 70]
Process 19 can proceed. Need: [0, 0, 0, 0, 0, 0, 0, 0, 0, 0, 0, 0, 0, 0, 0, 0], Work: [58, 67, 52, 76, 62, 72, 64, 46, 70, 58, 83, 68, 64, 87, 85, 70]
Process 19 has finished. Updated Work: [60, 70, 55, 80, 65, 75, 68, 50, 72, 60, 85, 70, 66, 90, 88, 74]
The system will be in a safe state. Safe sequence: [0, 1, 2, 3, 4, 5, 6, 7, 8, 9, 10, 11, 12, 13, 14, 15, 16, 17, 18, 19]
Request accepted. Allocation successful.
Current state of the system resources:
Total: [60 70 55 80 65 75 68 50 72 60 85 70 66 90 88 74]
Allocated:
[[3 4 2 5 2 3 3 3 1 3 4 3 2 4 2 3]
 [4 2 2 3 1 1 3 2 2 3 2 2 2 2 1 2]
 [3 4 3 2 2 2 2 1 3 2 3 3 2 1 2 2]
 [3 2 2 2 4 4 3 4 3 2 3 3 2 2 2 4]
 [1 3 2 4 3 3 3 2 2 3 1 2 2 2 2 2]
 [4 2 1 2 2 2 1 1 3 2 3 3 3 3 2 2]
 [3 3 4 2 3 2 3 4 2 3 2 3 2 3 4 4]
 [3 2 1 3 1 2 3 2 2 1 3 1 2 1 1 1]
 [3 1 2 2 3 3 2 2 1 3 2 1 3 3 2 3]
 [1 2 2 3 2 2 2 1 3 2 3 3 1 2 1 1]
 [2 3 1 2 2 2 2 1 2 3 2 2 3 2 2 2]
 [3 1 2 1 3 1 1 2 2 2 3 2 2 1 1 3]
 [2 2 2 2 2 2 2 3 3 1 1 3 1 3 3 2]
 [4 4 3 3 2 4 2 3 2 3 3 4 4 3 3 3]
 [2 2 3 3 2 3 3 3 3 2 3 2 3 1 2 2]
 [2 2 3 2 2 3 3 3 3 2 2 3 3 4 3 2]
 [4 3 1 2 2 3 1 1 1 3 2 3 2 2 2 3]
 [2 2 1 2 3 2 2 3 3 2 1 1 3 2 3 2]
 [3 1 3 1 2 1 3 2 2 2 2 2 2 3 1 2]
 [2 3 3 4 3 3 4 4 2 2 2 2 2 3 3 4]]
Maximum demand:
[[6 4 4 7 3 5 5 3 4 4 5 4 3 5 4 4]
 [5 4 3 5 2 2 4 3 3 4 4 3 3 3 2 3]
 [7 5 5 5 4 3 4 2 5 4 5 5 4 3 3 3]
 [4 3 2 3 5 5 4 4 3 2 3 3 2 2 2 4]
 [3 4 3 5 4 4 4 3 3 5 2 4 3 3 3 3]
 [6 3 2 4 3 3 3 2 5 3 5 5 5 4 3 3]
 [3 3 5 2 4 2 3 4 3 4 3 3 2 4 5 4]
 [5 3 2 5 2 3 4 3 3 2 4 3 3 2 2 2]
 [4 2 3 3 5 5 3 3 2 5 4 3 5 4 3 4]
 [2 3 3 4 3 3 3 2 4 3 5 5 2 3 2 2]
 [3 4 2 5 3 2 4 2 3 4 4 3 4 3 3 3]
 [4 2 3 2 5 2 2 3 3 3 5 4 3 2 2 4]
 [3 3 4 3 4 4 3 4 4 2 2 5 2 5 5 3]
 [5 4 3 3 2 4 2 3 2 3 3 5 5 3 3 3]
 [4 3 5 5 3 4 4 4 5 3 5 3 5 2 3 3]
 [3 2 3 3 2 3 3 3 3 2 3 3 3 5 3 2]
 [6 4 2 3 3 4 2 2 2 4 4 4 3 3 3 4]
 [3 3 2 3 4 3 3 4 4 3 2 2 4 3 4 3]
 [4 2 4 2 3 2 4 3 3 3 3 3 3 5 2 3]
 [2 3 3 4 3 3 4 4 2 2 2 2 2 3 3 4]]
Need:
[[3 0 2 2 1 2 2 0 3 1 1 1 1 1 2 1]
 [1 2 1 2 1 1 1 1 1 1 2 1 1 1 1 1]
 [4 1 2 3 2 1 2 1 2 2 2 2 2 2 1 1]
 [1 1 0 1 1 1 1 0 0 0 0 0 0 0 0 0]
 [2 1 1 1 1 1 1 1 1 2 1 2 1 1 1 1]
 [2 1 1 2 1 1 2 1 2 1 2 2 2 1 1 1]
 [0 0 1 0 1 0 0 0 1 1 1 0 0 1 1 0]
 [2 1 1 2 1 1 1 1 1 1 1 2 1 1 1 1]
 [1 1 1 1 2 2 1 1 1 2 2 2 2 1 1 1]
 [1 1 1 1 1 1 1 1 1 1 2 2 1 1 1 1]
 [1 1 1 3 1 0 2 1 1 1 2 1 1 1 1 1]
 [1 1 1 1 2 1 1 1 1 1 2 2 1 1 1 1]
 [1 1 2 1 2 2 1 1 1 1 1 2 1 2 2 1]
 [1 0 0 0 0 0 0 0 0 0 0 1 1 0 0 0]
 [2 1 2 2 1 1 1 1 2 1 2 1 2 1 1 1]
 [1 0 0 1 0 0 0 0 0 0 1 0 0 1 0 0]
 [2 1 1 1 1 1 1 1 1 1 2 1 1 1 1 1]
 [1 1 1 1 1 1 1 1 1 1 1 1 1 1 1 1]
 [1 1 1 1 1 1 1 1 1 1 1 1 1 2 1 1]
 [0 0 0 0 0 0 0 0 0 0 0 0 0 0 0 0]]
Available: [ 6 22 12 30 19 27 20  3 27 14 38 22 20 43 46 25]
------------------------------------------------------------
