Read data from file /home/derrick/study/operating-system-project/lab3_banker_algorithm/data/example_2.json.
Current state of the system resources:
Total: [25 30 20 35 28 24 32 26 30 20]
Allocated:
[[1 0 1 2 1 1 2 1 1 1]
 [2 1 0 2 1 2 1 1 1 0]
 [3 1 2 2 2 1 3 1 1 2]
 [2 2 1 3 1 2 2 2 2 1]
 [1 1 0 1 1 1 1 0 1 1]
 [0 2 1 1 1 1 0 1 0 1]
 [1 1 1 0 1 0 2 1 2 0]
 [2 0 0 1 1 2 1 1 1 1]
 [1 2 1 2 1 1 2 2 2 2]
 [0 1 2 0 2 1 1 1 0 0]
 [2 2 0 3 1 0 2 0 1 1]
 [1 1 1 1 2 1 0 1 1 0]
 [2 1 1 2 2 1 1 1 0 1]
 [1 1 0 1 1 1 1 1 2 1]
 [0 2 2 0 1 2 2 0 1 2]]
Maximum demand:
[[3 2 2 5 2 2 4 3 2 2]
 [3 3 1 4 3 3 3 2 2 2]
 [6 2 3 4 4 2 5 2 2 3]
 [5 3 2 5 2 3 3 3 3 2]
 [2 2 1 3 2 2 2 1 2 2]
 [1 3 2 2 2 2 1 2 1 2]
 [3 2 2 1 2 1 3 2 3 1]
 [3 1 1 3 2 3 2 2 2 2]
 [2 3 2 3 2 2 3 3 3 3]
 [1 2 3 1 3 2 2 2 1 1]
 [4 3 1 5 2 1 3 1 2 2]
 [2 2 2 3 3 2 1 2 2 1]
 [4 1 2 4 3 2 3 2 1 2]
 [2 2 1 2 2 2 2 2 3 2]
 [1 3 3 1 2 3 3 1 2 3]]
Need:
[[2 2 1 3 1 1 2 2 1 1]
 [1 2 1 2 2 1 2 1 1 2]
 [3 1 1 2 2 1 2 1 1 1]
 [3 1 1 2 1 1 1 1 1 1]
 [1 1 1 2 1 1 1 1 1 1]
 [1 1 1 1 1 1 1 1 1 1]
 [2 1 1 1 1 1 1 1 1 1]
 [1 1 1 2 1 1 1 1 1 1]
 [1 1 1 1 1 1 1 1 1 1]
 [1 1 1 1 1 1 1 1 1 1]
 [2 1 1 2 1 1 1 1 1 1]
 [1 1 1 2 1 1 1 1 1 1]
 [2 0 1 2 1 1 2 1 1 1]
 [1 1 1 1 1 1 1 1 1 1]
 [1 1 1 1 1 1 1 1 1 1]]
Available: [ 6 12  7 14  9  7 11 12 14  6]
------------------------------------------------------------
Process 0 is requesting resources: [1 1 0 1 0 0 1 1 0 0]
Beginning system safety check...
Initial Work (Available Resources): [5, 11, 7, 13, 9, 7, 10, 11, 14, 6]
Process 0 can proceed. Need: [1, 1, 1, 2, 1, 1, 1, 1, 1, 1], Work: [5, 11, 7, 13, 9, 7, 10, 11, 14, 6]
Process 0 has finished. Updated Work: [7, 12, 8, 16, 10, 8, 13, 13, 15, 7]
Process 1 can proceed. Need: [1, 2, 1, 2, 2, 1, 2, 1, 1, 2], Work: [7, 12, 8, 16, 10, 8, 13, 13, 15, 7]
Process 1 has finished. Updated Work: [9, 13, 8, 18, 11, 10, 14, 14, 16, 7]
Process 2 can proceed. Need: [3, 1, 1, 2, 2, 1, 2, 1, 1, 1], Work: [9, 13, 8, 18, 11, 10, 14, 14, 16, 7]
Process 2 has finished. Updated Work: [12, 14, 10, 20, 13, 11, 17, 15, 17, 9]
Process 3 can proceed. Need: [3, 1, 1, 2, 1, 1, 1, 1, 1, 1], Work: [12, 14, 10, 20, 13, 11, 17, 15, 17, 9]
Process 3 has finished. Updated Work: [14, 16, 11, 23, 14, 13, 19, 17, 19, 10]
Process 4 can proceed. Need: [1, 1, 1, 2, 1, 1, 1, 1, 1, 1], Work: [14, 16, 11, 23, 14, 13, 19, 17, 19, 10]
Process 4 has finished. Updated Work: [15, 17, 11, 24, 15, 14, 20, 17, 20, 11]
Process 5 can proceed. Need: [1, 1, 1, 1, 1, 1, 1, 1, 1, 1], Work: [15, 17, 11, 24, 15, 14, 20, 17, 20, 11]
Process 5 has finished. Updated Work: [15, 19, 12, 25, 16, 15, 20, 18, 20, 12]
Process 6 can proceed. Need: [2, 1, 1, 1, 1, 1, 1, 1, 1, 1], Work: [15, 19, 12, 25, 16, 15, 20, 18, 20, 12]
Process 6 has finished. Updated Work: [16, 20, 13, 25, 17, 15, 22, 19, 22, 12]
Process 7 can proceed. Need: [1, 1, 1, 2, 1, 1, 1, 1, 1, 1], Work: [16, 20, 13, 25, 17, 15, 22, 19, 22, 12]
Process 7 has finished. Updated Work: [18, 20, 13, 26, 18, 17, 23, 20, 23, 13]
Process 8 can proceed. Need: [1, 1, 1, 1, 1, 1, 1, 1, 1, 1], Work: [18, 20, 13, 26, 18, 17, 23, 20, 23, 13]
Process 8 has finished. Updated Work: [19, 22, 14, 28, 19, 18, 25, 22, 25, 15]
Process 9 can proceed. Need: [1, 1, 1, 1, 1, 1, 1, 1, 1, 1], Work: [19, 22, 14, 28, 19, 18, 25, 22, 25, 15]
Process 9 has finished. Updated Work: [19, 23, 16, 28, 21, 19, 26, 23, 25, 15]
Process 10 can proceed. Need: [2, 1, 1, 2, 1, 1, 1, 1, 1, 1], Work: [19, 23, 16, 28, 21, 19, 26, 23, 25, 15]
Process 10 has finished. Updated Work: [21, 25, 16, 31, 22, 19, 28, 23, 26, 16]
Process 11 can proceed. Need: [1, 1, 1, 2, 1, 1, 1, 1, 1, 1], Work: [21, 25, 16, 31, 22, 19, 28, 23, 26, 16]
Process 11 has finished. Updated Work: [22, 26, 17, 32, 24, 20, 28, 24, 27, 16]
Process 12 can proceed. Need: [2, 0, 1, 2, 1, 1, 2, 1, 1, 1], Work: [22, 26, 17, 32, 24, 20, 28, 24, 27, 16]
Process 12 has finished. Updated Work: [24, 27, 18, 34, 26, 21, 29, 25, 27, 17]
Process 13 can proceed. Need: [1, 1, 1, 1, 1, 1, 1, 1, 1, 1], Work: [24, 27, 18, 34, 26, 21, 29, 25, 27, 17]
Process 13 has finished. Updated Work: [25, 28, 18, 35, 27, 22, 30, 26, 29, 18]
Process 14 can proceed. Need: [1, 1, 1, 1, 1, 1, 1, 1, 1, 1], Work: [25, 28, 18, 35, 27, 22, 30, 26, 29, 18]
Process 14 has finished. Updated Work: [25, 30, 20, 35, 28, 24, 32, 26, 30, 20]
The system will be in a safe state. Safe sequence: [0, 1, 2, 3, 4, 5, 6, 7, 8, 9, 10, 11, 12, 13, 14]
Request accepted. Allocation successful.
Current state of the system resources:
Total: [25 30 20 35 28 24 32 26 30 20]
Allocated:
[[2 1 1 3 1 1 3 2 1 1]
 [2 1 0 2 1 2 1 1 1 0]
 [3 1 2 2 2 1 3 1 1 2]
 [2 2 1 3 1 2 2 2 2 1]
 [1 1 0 1 1 1 1 0 1 1]
 [0 2 1 1 1 1 0 1 0 1]
 [1 1 1 0 1 0 2 1 2 0]
 [2 0 0 1 1 2 1 1 1 1]
 [1 2 1 2 1 1 2 2 2 2]
 [0 1 2 0 2 1 1 1 0 0]
 [2 2 0 3 1 0 2 0 1 1]
 [1 1 1 1 2 1 0 1 1 0]
 [2 1 1 2 2 1 1 1 0 1]
 [1 1 0 1 1 1 1 1 2 1]
 [0 2 2 0 1 2 2 0 1 2]]
Maximum demand:
[[3 2 2 5 2 2 4 3 2 2]
 [3 3 1 4 3 3 3 2 2 2]
 [6 2 3 4 4 2 5 2 2 3]
 [5 3 2 5 2 3 3 3 3 2]
 [2 2 1 3 2 2 2 1 2 2]
 [1 3 2 2 2 2 1 2 1 2]
 [3 2 2 1 2 1 3 2 3 1]
 [3 1 1 3 2 3 2 2 2 2]
 [2 3 2 3 2 2 3 3 3 3]
 [1 2 3 1 3 2 2 2 1 1]
 [4 3 1 5 2 1 3 1 2 2]
 [2 2 2 3 3 2 1 2 2 1]
 [4 1 2 4 3 2 3 2 1 2]
 [2 2 1 2 2 2 2 2 3 2]
 [1 3 3 1 2 3 3 1 2 3]]
Need:
[[1 1 1 2 1 1 1 1 1 1]
 [1 2 1 2 2 1 2 1 1 2]
 [3 1 1 2 2 1 2 1 1 1]
 [3 1 1 2 1 1 1 1 1 1]
 [1 1 1 2 1 1 1 1 1 1]
 [1 1 1 1 1 1 1 1 1 1]
 [2 1 1 1 1 1 1 1 1 1]
 [1 1 1 2 1 1 1 1 1 1]
 [1 1 1 1 1 1 1 1 1 1]
 [1 1 1 1 1 1 1 1 1 1]
 [2 1 1 2 1 1 1 1 1 1]
 [1 1 1 2 1 1 1 1 1 1]
 [2 0 1 2 1 1 2 1 1 1]
 [1 1 1 1 1 1 1 1 1 1]
 [1 1 1 1 1 1 1 1 1 1]]
Available: [ 5 11  7 13  9  7 10 11 14  6]
------------------------------------------------------------
Process 1 is requesting resources: [1 2 0 2 1 1 1 1 1 1]
Beginning system safety check...
Initial Work (Available Resources): [4, 9, 7, 11, 8, 6, 9, 10, 13, 5]
Process 0 can proceed. Need: [1, 1, 1, 2, 1, 1, 1, 1, 1, 1], Work: [4, 9, 7, 11, 8, 6, 9, 10, 13, 5]
Process 0 has finished. Updated Work: [6, 10, 8, 14, 9, 7, 12, 12, 14, 6]
Process 1 can proceed. Need: [0, 0, 1, 0, 1, 0, 1, 0, 0, 1], Work: [6, 10, 8, 14, 9, 7, 12, 12, 14, 6]
Process 1 has finished. Updated Work: [9, 13, 8, 18, 11, 10, 14, 14, 16, 7]
Process 2 can proceed. Need: [3, 1, 1, 2, 2, 1, 2, 1, 1, 1], Work: [9, 13, 8, 18, 11, 10, 14, 14, 16, 7]
Process 2 has finished. Updated Work: [12, 14, 10, 20, 13, 11, 17, 15, 17, 9]
Process 3 can proceed. Need: [3, 1, 1, 2, 1, 1, 1, 1, 1, 1], Work: [12, 14, 10, 20, 13, 11, 17, 15, 17, 9]
Process 3 has finished. Updated Work: [14, 16, 11, 23, 14, 13, 19, 17, 19, 10]
Process 4 can proceed. Need: [1, 1, 1, 2, 1, 1, 1, 1, 1, 1], Work: [14, 16, 11, 23, 14, 13, 19, 17, 19, 10]
Process 4 has finished. Updated Work: [15, 17, 11, 24, 15, 14, 20, 17, 20, 11]
Process 5 can proceed. Need: [1, 1, 1, 1, 1, 1, 1, 1, 1, 1], Work: [15, 17, 11, 24, 15, 14, 20, 17, 20, 11]
Process 5 has finished. Updated Work: [15, 19, 12, 25, 16, 15, 20, 18, 20, 12]
Process 6 can proceed. Need: [2, 1, 1, 1, 1, 1, 1, 1, 1, 1], Work: [15, 19, 12, 25, 16, 15, 20, 18, 20, 12]
Process 6 has finished. Updated Work: [16, 20, 13, 25, 17, 15, 22, 19, 22, 12]
Process 7 can proceed. Need: [1, 1, 1, 2, 1, 1, 1, 1, 1, 1], Work: [16, 20, 13, 25, 17, 15, 22, 19, 22, 12]
Process 7 has finished. Updated Work: [18, 20, 13, 26, 18, 17, 23, 20, 23, 13]
Process 8 can proceed. Need: [1, 1, 1, 1, 1, 1, 1, 1, 1, 1], Work: [18, 20, 13, 26, 18, 17, 23, 20, 23, 13]
Process 8 has finished. Updated Work: [19, 22, 14, 28, 19, 18, 25, 22, 25, 15]
Process 9 can proceed. Need: [1, 1, 1, 1, 1, 1, 1, 1, 1, 1], Work: [19, 22, 14, 28, 19, 18, 25, 22, 25, 15]
Process 9 has finished. Updated Work: [19, 23, 16, 28, 21, 19, 26, 23, 25, 15]
Process 10 can proceed. Need: [2, 1, 1, 2, 1, 1, 1, 1, 1, 1], Work: [19, 23, 16, 28, 21, 19, 26, 23, 25, 15]
Process 10 has finished. Updated Work: [21, 25, 16, 31, 22, 19, 28, 23, 26, 16]
Process 11 can proceed. Need: [1, 1, 1, 2, 1, 1, 1, 1, 1, 1], Work: [21, 25, 16, 31, 22, 19, 28, 23, 26, 16]
Process 11 has finished. Updated Work: [22, 26, 17, 32, 24, 20, 28, 24, 27, 16]
Process 12 can proceed. Need: [2, 0, 1, 2, 1, 1, 2, 1, 1, 1], Work: [22, 26, 17, 32, 24, 20, 28, 24, 27, 16]
Process 12 has finished. Updated Work: [24, 27, 18, 34, 26, 21, 29, 25, 27, 17]
Process 13 can proceed. Need: [1, 1, 1, 1, 1, 1, 1, 1, 1, 1], Work: [24, 27, 18, 34, 26, 21, 29, 25, 27, 17]
Process 13 has finished. Updated Work: [25, 28, 18, 35, 27, 22, 30, 26, 29, 18]
Process 14 can proceed. Need: [1, 1, 1, 1, 1, 1, 1, 1, 1, 1], Work: [25, 28, 18, 35, 27, 22, 30, 26, 29, 18]
Process 14 has finished. Updated Work: [25, 30, 20, 35, 28, 24, 32, 26, 30, 20]
The system will be in a safe state. Safe sequence: [0, 1, 2, 3, 4, 5, 6, 7, 8, 9, 10, 11, 12, 13, 14]
Request accepted. Allocation successful.
Current state of the system resources:
Total: [25 30 20 35 28 24 32 26 30 20]
Allocated:
[[2 1 1 3 1 1 3 2 1 1]
 [3 3 0 4 2 3 2 2 2 1]
 [3 1 2 2 2 1 3 1 1 2]
 [2 2 1 3 1 2 2 2 2 1]
 [1 1 0 1 1 1 1 0 1 1]
 [0 2 1 1 1 1 0 1 0 1]
 [1 1 1 0 1 0 2 1 2 0]
 [2 0 0 1 1 2 1 1 1 1]
 [1 2 1 2 1 1 2 2 2 2]
 [0 1 2 0 2 1 1 1 0 0]
 [2 2 0 3 1 0 2 0 1 1]
 [1 1 1 1 2 1 0 1 1 0]
 [2 1 1 2 2 1 1 1 0 1]
 [1 1 0 1 1 1 1 1 2 1]
 [0 2 2 0 1 2 2 0 1 2]]
Maximum demand:
[[3 2 2 5 2 2 4 3 2 2]
 [3 3 1 4 3 3 3 2 2 2]
 [6 2 3 4 4 2 5 2 2 3]
 [5 3 2 5 2 3 3 3 3 2]
 [2 2 1 3 2 2 2 1 2 2]
 [1 3 2 2 2 2 1 2 1 2]
 [3 2 2 1 2 1 3 2 3 1]
 [3 1 1 3 2 3 2 2 2 2]
 [2 3 2 3 2 2 3 3 3 3]
 [1 2 3 1 3 2 2 2 1 1]
 [4 3 1 5 2 1 3 1 2 2]
 [2 2 2 3 3 2 1 2 2 1]
 [4 1 2 4 3 2 3 2 1 2]
 [2 2 1 2 2 2 2 2 3 2]
 [1 3 3 1 2 3 3 1 2 3]]
Need:
[[1 1 1 2 1 1 1 1 1 1]
 [0 0 1 0 1 0 1 0 0 1]
 [3 1 1 2 2 1 2 1 1 1]
 [3 1 1 2 1 1 1 1 1 1]
 [1 1 1 2 1 1 1 1 1 1]
 [1 1 1 1 1 1 1 1 1 1]
 [2 1 1 1 1 1 1 1 1 1]
 [1 1 1 2 1 1 1 1 1 1]
 [1 1 1 1 1 1 1 1 1 1]
 [1 1 1 1 1 1 1 1 1 1]
 [2 1 1 2 1 1 1 1 1 1]
 [1 1 1 2 1 1 1 1 1 1]
 [2 0 1 2 1 1 2 1 1 1]
 [1 1 1 1 1 1 1 1 1 1]
 [1 1 1 1 1 1 1 1 1 1]]
Available: [ 4  9  7 11  8  6  9 10 13  5]
------------------------------------------------------------
Process 2 is requesting resources: [3 1 1 1 1 1 2 1 1 1]
Beginning system safety check...
Initial Work (Available Resources): [1, 8, 6, 10, 7, 5, 7, 9, 12, 4]
Process 0 can proceed. Need: [1, 1, 1, 2, 1, 1, 1, 1, 1, 1], Work: [1, 8, 6, 10, 7, 5, 7, 9, 12, 4]
Process 0 has finished. Updated Work: [3, 9, 7, 13, 8, 6, 10, 11, 13, 5]
Process 1 can proceed. Need: [0, 0, 1, 0, 1, 0, 1, 0, 0, 1], Work: [3, 9, 7, 13, 8, 6, 10, 11, 13, 5]
Process 1 has finished. Updated Work: [6, 12, 7, 17, 10, 9, 12, 13, 15, 6]
Process 2 can proceed. Need: [0, 0, 0, 1, 1, 0, 0, 0, 0, 0], Work: [6, 12, 7, 17, 10, 9, 12, 13, 15, 6]
Process 2 has finished. Updated Work: [12, 14, 10, 20, 13, 11, 17, 15, 17, 9]
Process 3 can proceed. Need: [3, 1, 1, 2, 1, 1, 1, 1, 1, 1], Work: [12, 14, 10, 20, 13, 11, 17, 15, 17, 9]
Process 3 has finished. Updated Work: [14, 16, 11, 23, 14, 13, 19, 17, 19, 10]
Process 4 can proceed. Need: [1, 1, 1, 2, 1, 1, 1, 1, 1, 1], Work: [14, 16, 11, 23, 14, 13, 19, 17, 19, 10]
Process 4 has finished. Updated Work: [15, 17, 11, 24, 15, 14, 20, 17, 20, 11]
Process 5 can proceed. Need: [1, 1, 1, 1, 1, 1, 1, 1, 1, 1], Work: [15, 17, 11, 24, 15, 14, 20, 17, 20, 11]
Process 5 has finished. Updated Work: [15, 19, 12, 25, 16, 15, 20, 18, 20, 12]
Process 6 can proceed. Need: [2, 1, 1, 1, 1, 1, 1, 1, 1, 1], Work: [15, 19, 12, 25, 16, 15, 20, 18, 20, 12]
Process 6 has finished. Updated Work: [16, 20, 13, 25, 17, 15, 22, 19, 22, 12]
Process 7 can proceed. Need: [1, 1, 1, 2, 1, 1, 1, 1, 1, 1], Work: [16, 20, 13, 25, 17, 15, 22, 19, 22, 12]
Process 7 has finished. Updated Work: [18, 20, 13, 26, 18, 17, 23, 20, 23, 13]
Process 8 can proceed. Need: [1, 1, 1, 1, 1, 1, 1, 1, 1, 1], Work: [18, 20, 13, 26, 18, 17, 23, 20, 23, 13]
Process 8 has finished. Updated Work: [19, 22, 14, 28, 19, 18, 25, 22, 25, 15]
Process 9 can proceed. Need: [1, 1, 1, 1, 1, 1, 1, 1, 1, 1], Work: [19, 22, 14, 28, 19, 18, 25, 22, 25, 15]
Process 9 has finished. Updated Work: [19, 23, 16, 28, 21, 19, 26, 23, 25, 15]
Process 10 can proceed. Need: [2, 1, 1, 2, 1, 1, 1, 1, 1, 1], Work: [19, 23, 16, 28, 21, 19, 26, 23, 25, 15]
Process 10 has finished. Updated Work: [21, 25, 16, 31, 22, 19, 28, 23, 26, 16]
Process 11 can proceed. Need: [1, 1, 1, 2, 1, 1, 1, 1, 1, 1], Work: [21, 25, 16, 31, 22, 19, 28, 23, 26, 16]
Process 11 has finished. Updated Work: [22, 26, 17, 32, 24, 20, 28, 24, 27, 16]
Process 12 can proceed. Need: [2, 0, 1, 2, 1, 1, 2, 1, 1, 1], Work: [22, 26, 17, 32, 24, 20, 28, 24, 27, 16]
Process 12 has finished. Updated Work: [24, 27, 18, 34, 26, 21, 29, 25, 27, 17]
Process 13 can proceed. Need: [1, 1, 1, 1, 1, 1, 1, 1, 1, 1], Work: [24, 27, 18, 34, 26, 21, 29, 25, 27, 17]
Process 13 has finished. Updated Work: [25, 28, 18, 35, 27, 22, 30, 26, 29, 18]
Process 14 can proceed. Need: [1, 1, 1, 1, 1, 1, 1, 1, 1, 1], Work: [25, 28, 18, 35, 27, 22, 30, 26, 29, 18]
Process 14 has finished. Updated Work: [25, 30, 20, 35, 28, 24, 32, 26, 30, 20]
The system will be in a safe state. Safe sequence: [0, 1, 2, 3, 4, 5, 6, 7, 8, 9, 10, 11, 12, 13, 14]
Request accepted. Allocation successful.
Current state of the system resources:
Total: [25 30 20 35 28 24 32 26 30 20]
Allocated:
[[2 1 1 3 1 1 3 2 1 1]
 [3 3 0 4 2 3 2 2 2 1]
 [6 2 3 3 3 2 5 2 2 3]
 [2 2 1 3 1 2 2 2 2 1]
 [1 1 0 1 1 1 1 0 1 1]
 [0 2 1 1 1 1 0 1 0 1]
 [1 1 1 0 1 0 2 1 2 0]
 [2 0 0 1 1 2 1 1 1 1]
 [1 2 1 2 1 1 2 2 2 2]
 [0 1 2 0 2 1 1 1 0 0]
 [2 2 0 3 1 0 2 0 1 1]
 [1 1 1 1 2 1 0 1 1 0]
 [2 1 1 2 2 1 1 1 0 1]
 [1 1 0 1 1 1 1 1 2 1]
 [0 2 2 0 1 2 2 0 1 2]]
Maximum demand:
[[3 2 2 5 2 2 4 3 2 2]
 [3 3 1 4 3 3 3 2 2 2]
 [6 2 3 4 4 2 5 2 2 3]
 [5 3 2 5 2 3 3 3 3 2]
 [2 2 1 3 2 2 2 1 2 2]
 [1 3 2 2 2 2 1 2 1 2]
 [3 2 2 1 2 1 3 2 3 1]
 [3 1 1 3 2 3 2 2 2 2]
 [2 3 2 3 2 2 3 3 3 3]
 [1 2 3 1 3 2 2 2 1 1]
 [4 3 1 5 2 1 3 1 2 2]
 [2 2 2 3 3 2 1 2 2 1]
 [4 1 2 4 3 2 3 2 1 2]
 [2 2 1 2 2 2 2 2 3 2]
 [1 3 3 1 2 3 3 1 2 3]]
Need:
[[1 1 1 2 1 1 1 1 1 1]
 [0 0 1 0 1 0 1 0 0 1]
 [0 0 0 1 1 0 0 0 0 0]
 [3 1 1 2 1 1 1 1 1 1]
 [1 1 1 2 1 1 1 1 1 1]
 [1 1 1 1 1 1 1 1 1 1]
 [2 1 1 1 1 1 1 1 1 1]
 [1 1 1 2 1 1 1 1 1 1]
 [1 1 1 1 1 1 1 1 1 1]
 [1 1 1 1 1 1 1 1 1 1]
 [2 1 1 2 1 1 1 1 1 1]
 [1 1 1 2 1 1 1 1 1 1]
 [2 0 1 2 1 1 2 1 1 1]
 [1 1 1 1 1 1 1 1 1 1]
 [1 1 1 1 1 1 1 1 1 1]]
Available: [ 1  8  6 10  7  5  7  9 12  4]
------------------------------------------------------------
Process 3 is requesting resources: [2 1 1 1 0 0 1 1 1 1]
Process 3 is requesting more than available resources:
Request:   [2 1 1 1 0 0 1 1 1 1]
Available: [ 1  8  6 10  7  5  7  9 12  4]
Invalid request. Allocation rejected.
Current state of the system resources:
Total: [25 30 20 35 28 24 32 26 30 20]
Allocated:
[[2 1 1 3 1 1 3 2 1 1]
 [3 3 0 4 2 3 2 2 2 1]
 [6 2 3 3 3 2 5 2 2 3]
 [2 2 1 3 1 2 2 2 2 1]
 [1 1 0 1 1 1 1 0 1 1]
 [0 2 1 1 1 1 0 1 0 1]
 [1 1 1 0 1 0 2 1 2 0]
 [2 0 0 1 1 2 1 1 1 1]
 [1 2 1 2 1 1 2 2 2 2]
 [0 1 2 0 2 1 1 1 0 0]
 [2 2 0 3 1 0 2 0 1 1]
 [1 1 1 1 2 1 0 1 1 0]
 [2 1 1 2 2 1 1 1 0 1]
 [1 1 0 1 1 1 1 1 2 1]
 [0 2 2 0 1 2 2 0 1 2]]
Maximum demand:
[[3 2 2 5 2 2 4 3 2 2]
 [3 3 1 4 3 3 3 2 2 2]
 [6 2 3 4 4 2 5 2 2 3]
 [5 3 2 5 2 3 3 3 3 2]
 [2 2 1 3 2 2 2 1 2 2]
 [1 3 2 2 2 2 1 2 1 2]
 [3 2 2 1 2 1 3 2 3 1]
 [3 1 1 3 2 3 2 2 2 2]
 [2 3 2 3 2 2 3 3 3 3]
 [1 2 3 1 3 2 2 2 1 1]
 [4 3 1 5 2 1 3 1 2 2]
 [2 2 2 3 3 2 1 2 2 1]
 [4 1 2 4 3 2 3 2 1 2]
 [2 2 1 2 2 2 2 2 3 2]
 [1 3 3 1 2 3 3 1 2 3]]
Need:
[[1 1 1 2 1 1 1 1 1 1]
 [0 0 1 0 1 0 1 0 0 1]
 [0 0 0 1 1 0 0 0 0 0]
 [3 1 1 2 1 1 1 1 1 1]
 [1 1 1 2 1 1 1 1 1 1]
 [1 1 1 1 1 1 1 1 1 1]
 [2 1 1 1 1 1 1 1 1 1]
 [1 1 1 2 1 1 1 1 1 1]
 [1 1 1 1 1 1 1 1 1 1]
 [1 1 1 1 1 1 1 1 1 1]
 [2 1 1 2 1 1 1 1 1 1]
 [1 1 1 2 1 1 1 1 1 1]
 [2 0 1 2 1 1 2 1 1 1]
 [1 1 1 1 1 1 1 1 1 1]
 [1 1 1 1 1 1 1 1 1 1]]
Available: [ 1  8  6 10  7  5  7  9 12  4]
------------------------------------------------------------
Process 4 is requesting resources: [1 1 1 2 1 1 1 1 1 1]
Beginning system safety check...
Initial Work (Available Resources): [0, 7, 5, 8, 6, 4, 6, 8, 11, 3]
Process 1 can proceed. Need: [0, 0, 1, 0, 1, 0, 1, 0, 0, 1], Work: [0, 7, 5, 8, 6, 4, 6, 8, 11, 3]
Process 1 has finished. Updated Work: [3, 10, 5, 12, 8, 7, 8, 10, 13, 4]
Process 0 can proceed. Need: [1, 1, 1, 2, 1, 1, 1, 1, 1, 1], Work: [3, 10, 5, 12, 8, 7, 8, 10, 13, 4]
Process 0 has finished. Updated Work: [5, 11, 6, 15, 9, 8, 11, 12, 14, 5]
Process 2 can proceed. Need: [0, 0, 0, 1, 1, 0, 0, 0, 0, 0], Work: [5, 11, 6, 15, 9, 8, 11, 12, 14, 5]
Process 2 has finished. Updated Work: [11, 13, 9, 18, 12, 10, 16, 14, 16, 8]
Process 3 can proceed. Need: [3, 1, 1, 2, 1, 1, 1, 1, 1, 1], Work: [11, 13, 9, 18, 12, 10, 16, 14, 16, 8]
Process 3 has finished. Updated Work: [13, 15, 10, 21, 13, 12, 18, 16, 18, 9]
Process 4 can proceed. Need: [0, 0, 0, 0, 0, 0, 0, 0, 0, 0], Work: [13, 15, 10, 21, 13, 12, 18, 16, 18, 9]
Process 4 has finished. Updated Work: [15, 17, 11, 24, 15, 14, 20, 17, 20, 11]
Process 5 can proceed. Need: [1, 1, 1, 1, 1, 1, 1, 1, 1, 1], Work: [15, 17, 11, 24, 15, 14, 20, 17, 20, 11]
Process 5 has finished. Updated Work: [15, 19, 12, 25, 16, 15, 20, 18, 20, 12]
Process 6 can proceed. Need: [2, 1, 1, 1, 1, 1, 1, 1, 1, 1], Work: [15, 19, 12, 25, 16, 15, 20, 18, 20, 12]
Process 6 has finished. Updated Work: [16, 20, 13, 25, 17, 15, 22, 19, 22, 12]
Process 7 can proceed. Need: [1, 1, 1, 2, 1, 1, 1, 1, 1, 1], Work: [16, 20, 13, 25, 17, 15, 22, 19, 22, 12]
Process 7 has finished. Updated Work: [18, 20, 13, 26, 18, 17, 23, 20, 23, 13]
Process 8 can proceed. Need: [1, 1, 1, 1, 1, 1, 1, 1, 1, 1], Work: [18, 20, 13, 26, 18, 17, 23, 20, 23, 13]
Process 8 has finished. Updated Work: [19, 22, 14, 28, 19, 18, 25, 22, 25, 15]
Process 9 can proceed. Need: [1, 1, 1, 1, 1, 1, 1, 1, 1, 1], Work: [19, 22, 14, 28, 19, 18, 25, 22, 25, 15]
Process 9 has finished. Updated Work: [19, 23, 16, 28, 21, 19, 26, 23, 25, 15]
Process 10 can proceed. Need: [2, 1, 1, 2, 1, 1, 1, 1, 1, 1], Work: [19, 23, 16, 28, 21, 19, 26, 23, 25, 15]
Process 10 has finished. Updated Work: [21, 25, 16, 31, 22, 19, 28, 23, 26, 16]
Process 11 can proceed. Need: [1, 1, 1, 2, 1, 1, 1, 1, 1, 1], Work: [21, 25, 16, 31, 22, 19, 28, 23, 26, 16]
Process 11 has finished. Updated Work: [22, 26, 17, 32, 24, 20, 28, 24, 27, 16]
Process 12 can proceed. Need: [2, 0, 1, 2, 1, 1, 2, 1, 1, 1], Work: [22, 26, 17, 32, 24, 20, 28, 24, 27, 16]
Process 12 has finished. Updated Work: [24, 27, 18, 34, 26, 21, 29, 25, 27, 17]
Process 13 can proceed. Need: [1, 1, 1, 1, 1, 1, 1, 1, 1, 1], Work: [24, 27, 18, 34, 26, 21, 29, 25, 27, 17]
Process 13 has finished. Updated Work: [25, 28, 18, 35, 27, 22, 30, 26, 29, 18]
Process 14 can proceed. Need: [1, 1, 1, 1, 1, 1, 1, 1, 1, 1], Work: [25, 28, 18, 35, 27, 22, 30, 26, 29, 18]
Process 14 has finished. Updated Work: [25, 30, 20, 35, 28, 24, 32, 26, 30, 20]
The system will be in a safe state. Safe sequence: [1, 0, 2, 3, 4, 5, 6, 7, 8, 9, 10, 11, 12, 13, 14]
Request accepted. Allocation successful.
Current state of the system resources:
Total: [25 30 20 35 28 24 32 26 30 20]
Allocated:
[[2 1 1 3 1 1 3 2 1 1]
 [3 3 0 4 2 3 2 2 2 1]
 [6 2 3 3 3 2 5 2 2 3]
 [2 2 1 3 1 2 2 2 2 1]
 [2 2 1 3 2 2 2 1 2 2]
 [0 2 1 1 1 1 0 1 0 1]
 [1 1 1 0 1 0 2 1 2 0]
 [2 0 0 1 1 2 1 1 1 1]
 [1 2 1 2 1 1 2 2 2 2]
 [0 1 2 0 2 1 1 1 0 0]
 [2 2 0 3 1 0 2 0 1 1]
 [1 1 1 1 2 1 0 1 1 0]
 [2 1 1 2 2 1 1 1 0 1]
 [1 1 0 1 1 1 1 1 2 1]
 [0 2 2 0 1 2 2 0 1 2]]
Maximum demand:
[[3 2 2 5 2 2 4 3 2 2]
 [3 3 1 4 3 3 3 2 2 2]
 [6 2 3 4 4 2 5 2 2 3]
 [5 3 2 5 2 3 3 3 3 2]
 [2 2 1 3 2 2 2 1 2 2]
 [1 3 2 2 2 2 1 2 1 2]
 [3 2 2 1 2 1 3 2 3 1]
 [3 1 1 3 2 3 2 2 2 2]
 [2 3 2 3 2 2 3 3 3 3]
 [1 2 3 1 3 2 2 2 1 1]
 [4 3 1 5 2 1 3 1 2 2]
 [2 2 2 3 3 2 1 2 2 1]
 [4 1 2 4 3 2 3 2 1 2]
 [2 2 1 2 2 2 2 2 3 2]
 [1 3 3 1 2 3 3 1 2 3]]
Need:
[[1 1 1 2 1 1 1 1 1 1]
 [0 0 1 0 1 0 1 0 0 1]
 [0 0 0 1 1 0 0 0 0 0]
 [3 1 1 2 1 1 1 1 1 1]
 [0 0 0 0 0 0 0 0 0 0]
 [1 1 1 1 1 1 1 1 1 1]
 [2 1 1 1 1 1 1 1 1 1]
 [1 1 1 2 1 1 1 1 1 1]
 [1 1 1 1 1 1 1 1 1 1]
 [1 1 1 1 1 1 1 1 1 1]
 [2 1 1 2 1 1 1 1 1 1]
 [1 1 1 2 1 1 1 1 1 1]
 [2 0 1 2 1 1 2 1 1 1]
 [1 1 1 1 1 1 1 1 1 1]
 [1 1 1 1 1 1 1 1 1 1]]
Available: [ 0  7  5  8  6  4  6  8 11  3]
------------------------------------------------------------
Process 5 is requesting resources: [1 2 1 1 1 2 1 1 1 1]
Process 5 is requesting more than its maximum demand:
Request: [1 2 1 1 1 2 1 1 1 1]
Need:    [1 1 1 1 1 1 1 1 1 1]
Invalid request. Allocation rejected.
Current state of the system resources:
Total: [25 30 20 35 28 24 32 26 30 20]
Allocated:
[[2 1 1 3 1 1 3 2 1 1]
 [3 3 0 4 2 3 2 2 2 1]
 [6 2 3 3 3 2 5 2 2 3]
 [2 2 1 3 1 2 2 2 2 1]
 [2 2 1 3 2 2 2 1 2 2]
 [0 2 1 1 1 1 0 1 0 1]
 [1 1 1 0 1 0 2 1 2 0]
 [2 0 0 1 1 2 1 1 1 1]
 [1 2 1 2 1 1 2 2 2 2]
 [0 1 2 0 2 1 1 1 0 0]
 [2 2 0 3 1 0 2 0 1 1]
 [1 1 1 1 2 1 0 1 1 0]
 [2 1 1 2 2 1 1 1 0 1]
 [1 1 0 1 1 1 1 1 2 1]
 [0 2 2 0 1 2 2 0 1 2]]
Maximum demand:
[[3 2 2 5 2 2 4 3 2 2]
 [3 3 1 4 3 3 3 2 2 2]
 [6 2 3 4 4 2 5 2 2 3]
 [5 3 2 5 2 3 3 3 3 2]
 [2 2 1 3 2 2 2 1 2 2]
 [1 3 2 2 2 2 1 2 1 2]
 [3 2 2 1 2 1 3 2 3 1]
 [3 1 1 3 2 3 2 2 2 2]
 [2 3 2 3 2 2 3 3 3 3]
 [1 2 3 1 3 2 2 2 1 1]
 [4 3 1 5 2 1 3 1 2 2]
 [2 2 2 3 3 2 1 2 2 1]
 [4 1 2 4 3 2 3 2 1 2]
 [2 2 1 2 2 2 2 2 3 2]
 [1 3 3 1 2 3 3 1 2 3]]
Need:
[[1 1 1 2 1 1 1 1 1 1]
 [0 0 1 0 1 0 1 0 0 1]
 [0 0 0 1 1 0 0 0 0 0]
 [3 1 1 2 1 1 1 1 1 1]
 [0 0 0 0 0 0 0 0 0 0]
 [1 1 1 1 1 1 1 1 1 1]
 [2 1 1 1 1 1 1 1 1 1]
 [1 1 1 2 1 1 1 1 1 1]
 [1 1 1 1 1 1 1 1 1 1]
 [1 1 1 1 1 1 1 1 1 1]
 [2 1 1 2 1 1 1 1 1 1]
 [1 1 1 2 1 1 1 1 1 1]
 [2 0 1 2 1 1 2 1 1 1]
 [1 1 1 1 1 1 1 1 1 1]
 [1 1 1 1 1 1 1 1 1 1]]
Available: [ 0  7  5  8  6  4  6  8 11  3]
------------------------------------------------------------
Process 6 is requesting resources: [1 1 1 0 1 1 1 0 1 1]
Process 6 is requesting more than available resources:
Request:   [1 1 1 0 1 1 1 0 1 1]
Available: [ 0  7  5  8  6  4  6  8 11  3]
Invalid request. Allocation rejected.
Current state of the system resources:
Total: [25 30 20 35 28 24 32 26 30 20]
Allocated:
[[2 1 1 3 1 1 3 2 1 1]
 [3 3 0 4 2 3 2 2 2 1]
 [6 2 3 3 3 2 5 2 2 3]
 [2 2 1 3 1 2 2 2 2 1]
 [2 2 1 3 2 2 2 1 2 2]
 [0 2 1 1 1 1 0 1 0 1]
 [1 1 1 0 1 0 2 1 2 0]
 [2 0 0 1 1 2 1 1 1 1]
 [1 2 1 2 1 1 2 2 2 2]
 [0 1 2 0 2 1 1 1 0 0]
 [2 2 0 3 1 0 2 0 1 1]
 [1 1 1 1 2 1 0 1 1 0]
 [2 1 1 2 2 1 1 1 0 1]
 [1 1 0 1 1 1 1 1 2 1]
 [0 2 2 0 1 2 2 0 1 2]]
Maximum demand:
[[3 2 2 5 2 2 4 3 2 2]
 [3 3 1 4 3 3 3 2 2 2]
 [6 2 3 4 4 2 5 2 2 3]
 [5 3 2 5 2 3 3 3 3 2]
 [2 2 1 3 2 2 2 1 2 2]
 [1 3 2 2 2 2 1 2 1 2]
 [3 2 2 1 2 1 3 2 3 1]
 [3 1 1 3 2 3 2 2 2 2]
 [2 3 2 3 2 2 3 3 3 3]
 [1 2 3 1 3 2 2 2 1 1]
 [4 3 1 5 2 1 3 1 2 2]
 [2 2 2 3 3 2 1 2 2 1]
 [4 1 2 4 3 2 3 2 1 2]
 [2 2 1 2 2 2 2 2 3 2]
 [1 3 3 1 2 3 3 1 2 3]]
Need:
[[1 1 1 2 1 1 1 1 1 1]
 [0 0 1 0 1 0 1 0 0 1]
 [0 0 0 1 1 0 0 0 0 0]
 [3 1 1 2 1 1 1 1 1 1]
 [0 0 0 0 0 0 0 0 0 0]
 [1 1 1 1 1 1 1 1 1 1]
 [2 1 1 1 1 1 1 1 1 1]
 [1 1 1 2 1 1 1 1 1 1]
 [1 1 1 1 1 1 1 1 1 1]
 [1 1 1 1 1 1 1 1 1 1]
 [2 1 1 2 1 1 1 1 1 1]
 [1 1 1 2 1 1 1 1 1 1]
 [2 0 1 2 1 1 2 1 1 1]
 [1 1 1 1 1 1 1 1 1 1]
 [1 1 1 1 1 1 1 1 1 1]]
Available: [ 0  7  5  8  6  4  6  8 11  3]
------------------------------------------------------------
Process 7 is requesting resources: [1 1 0 1 1 1 1 1 1 1]
Process 7 is requesting more than available resources:
Request:   [1 1 0 1 1 1 1 1 1 1]
Available: [ 0  7  5  8  6  4  6  8 11  3]
Invalid request. Allocation rejected.
Current state of the system resources:
Total: [25 30 20 35 28 24 32 26 30 20]
Allocated:
[[2 1 1 3 1 1 3 2 1 1]
 [3 3 0 4 2 3 2 2 2 1]
 [6 2 3 3 3 2 5 2 2 3]
 [2 2 1 3 1 2 2 2 2 1]
 [2 2 1 3 2 2 2 1 2 2]
 [0 2 1 1 1 1 0 1 0 1]
 [1 1 1 0 1 0 2 1 2 0]
 [2 0 0 1 1 2 1 1 1 1]
 [1 2 1 2 1 1 2 2 2 2]
 [0 1 2 0 2 1 1 1 0 0]
 [2 2 0 3 1 0 2 0 1 1]
 [1 1 1 1 2 1 0 1 1 0]
 [2 1 1 2 2 1 1 1 0 1]
 [1 1 0 1 1 1 1 1 2 1]
 [0 2 2 0 1 2 2 0 1 2]]
Maximum demand:
[[3 2 2 5 2 2 4 3 2 2]
 [3 3 1 4 3 3 3 2 2 2]
 [6 2 3 4 4 2 5 2 2 3]
 [5 3 2 5 2 3 3 3 3 2]
 [2 2 1 3 2 2 2 1 2 2]
 [1 3 2 2 2 2 1 2 1 2]
 [3 2 2 1 2 1 3 2 3 1]
 [3 1 1 3 2 3 2 2 2 2]
 [2 3 2 3 2 2 3 3 3 3]
 [1 2 3 1 3 2 2 2 1 1]
 [4 3 1 5 2 1 3 1 2 2]
 [2 2 2 3 3 2 1 2 2 1]
 [4 1 2 4 3 2 3 2 1 2]
 [2 2 1 2 2 2 2 2 3 2]
 [1 3 3 1 2 3 3 1 2 3]]
Need:
[[1 1 1 2 1 1 1 1 1 1]
 [0 0 1 0 1 0 1 0 0 1]
 [0 0 0 1 1 0 0 0 0 0]
 [3 1 1 2 1 1 1 1 1 1]
 [0 0 0 0 0 0 0 0 0 0]
 [1 1 1 1 1 1 1 1 1 1]
 [2 1 1 1 1 1 1 1 1 1]
 [1 1 1 2 1 1 1 1 1 1]
 [1 1 1 1 1 1 1 1 1 1]
 [1 1 1 1 1 1 1 1 1 1]
 [2 1 1 2 1 1 1 1 1 1]
 [1 1 1 2 1 1 1 1 1 1]
 [2 0 1 2 1 1 2 1 1 1]
 [1 1 1 1 1 1 1 1 1 1]
 [1 1 1 1 1 1 1 1 1 1]]
Available: [ 0  7  5  8  6  4  6  8 11  3]
------------------------------------------------------------
Process 8 is requesting resources: [1 1 1 1 1 1 1 1 1 1]
Process 8 is requesting more than available resources:
Request:   [1 1 1 1 1 1 1 1 1 1]
Available: [ 0  7  5  8  6  4  6  8 11  3]
Invalid request. Allocation rejected.
Current state of the system resources:
Total: [25 30 20 35 28 24 32 26 30 20]
Allocated:
[[2 1 1 3 1 1 3 2 1 1]
 [3 3 0 4 2 3 2 2 2 1]
 [6 2 3 3 3 2 5 2 2 3]
 [2 2 1 3 1 2 2 2 2 1]
 [2 2 1 3 2 2 2 1 2 2]
 [0 2 1 1 1 1 0 1 0 1]
 [1 1 1 0 1 0 2 1 2 0]
 [2 0 0 1 1 2 1 1 1 1]
 [1 2 1 2 1 1 2 2 2 2]
 [0 1 2 0 2 1 1 1 0 0]
 [2 2 0 3 1 0 2 0 1 1]
 [1 1 1 1 2 1 0 1 1 0]
 [2 1 1 2 2 1 1 1 0 1]
 [1 1 0 1 1 1 1 1 2 1]
 [0 2 2 0 1 2 2 0 1 2]]
Maximum demand:
[[3 2 2 5 2 2 4 3 2 2]
 [3 3 1 4 3 3 3 2 2 2]
 [6 2 3 4 4 2 5 2 2 3]
 [5 3 2 5 2 3 3 3 3 2]
 [2 2 1 3 2 2 2 1 2 2]
 [1 3 2 2 2 2 1 2 1 2]
 [3 2 2 1 2 1 3 2 3 1]
 [3 1 1 3 2 3 2 2 2 2]
 [2 3 2 3 2 2 3 3 3 3]
 [1 2 3 1 3 2 2 2 1 1]
 [4 3 1 5 2 1 3 1 2 2]
 [2 2 2 3 3 2 1 2 2 1]
 [4 1 2 4 3 2 3 2 1 2]
 [2 2 1 2 2 2 2 2 3 2]
 [1 3 3 1 2 3 3 1 2 3]]
Need:
[[1 1 1 2 1 1 1 1 1 1]
 [0 0 1 0 1 0 1 0 0 1]
 [0 0 0 1 1 0 0 0 0 0]
 [3 1 1 2 1 1 1 1 1 1]
 [0 0 0 0 0 0 0 0 0 0]
 [1 1 1 1 1 1 1 1 1 1]
 [2 1 1 1 1 1 1 1 1 1]
 [1 1 1 2 1 1 1 1 1 1]
 [1 1 1 1 1 1 1 1 1 1]
 [1 1 1 1 1 1 1 1 1 1]
 [2 1 1 2 1 1 1 1 1 1]
 [1 1 1 2 1 1 1 1 1 1]
 [2 0 1 2 1 1 2 1 1 1]
 [1 1 1 1 1 1 1 1 1 1]
 [1 1 1 1 1 1 1 1 1 1]]
Available: [ 0  7  5  8  6  4  6  8 11  3]
------------------------------------------------------------
Process 9 is requesting resources: [1 2 2 1 2 2 2 2 1 1]
Process 9 is requesting more than its maximum demand:
Request: [1 2 2 1 2 2 2 2 1 1]
Need:    [1 1 1 1 1 1 1 1 1 1]
Invalid request. Allocation rejected.
Current state of the system resources:
Total: [25 30 20 35 28 24 32 26 30 20]
Allocated:
[[2 1 1 3 1 1 3 2 1 1]
 [3 3 0 4 2 3 2 2 2 1]
 [6 2 3 3 3 2 5 2 2 3]
 [2 2 1 3 1 2 2 2 2 1]
 [2 2 1 3 2 2 2 1 2 2]
 [0 2 1 1 1 1 0 1 0 1]
 [1 1 1 0 1 0 2 1 2 0]
 [2 0 0 1 1 2 1 1 1 1]
 [1 2 1 2 1 1 2 2 2 2]
 [0 1 2 0 2 1 1 1 0 0]
 [2 2 0 3 1 0 2 0 1 1]
 [1 1 1 1 2 1 0 1 1 0]
 [2 1 1 2 2 1 1 1 0 1]
 [1 1 0 1 1 1 1 1 2 1]
 [0 2 2 0 1 2 2 0 1 2]]
Maximum demand:
[[3 2 2 5 2 2 4 3 2 2]
 [3 3 1 4 3 3 3 2 2 2]
 [6 2 3 4 4 2 5 2 2 3]
 [5 3 2 5 2 3 3 3 3 2]
 [2 2 1 3 2 2 2 1 2 2]
 [1 3 2 2 2 2 1 2 1 2]
 [3 2 2 1 2 1 3 2 3 1]
 [3 1 1 3 2 3 2 2 2 2]
 [2 3 2 3 2 2 3 3 3 3]
 [1 2 3 1 3 2 2 2 1 1]
 [4 3 1 5 2 1 3 1 2 2]
 [2 2 2 3 3 2 1 2 2 1]
 [4 1 2 4 3 2 3 2 1 2]
 [2 2 1 2 2 2 2 2 3 2]
 [1 3 3 1 2 3 3 1 2 3]]
Need:
[[1 1 1 2 1 1 1 1 1 1]
 [0 0 1 0 1 0 1 0 0 1]
 [0 0 0 1 1 0 0 0 0 0]
 [3 1 1 2 1 1 1 1 1 1]
 [0 0 0 0 0 0 0 0 0 0]
 [1 1 1 1 1 1 1 1 1 1]
 [2 1 1 1 1 1 1 1 1 1]
 [1 1 1 2 1 1 1 1 1 1]
 [1 1 1 1 1 1 1 1 1 1]
 [1 1 1 1 1 1 1 1 1 1]
 [2 1 1 2 1 1 1 1 1 1]
 [1 1 1 2 1 1 1 1 1 1]
 [2 0 1 2 1 1 2 1 1 1]
 [1 1 1 1 1 1 1 1 1 1]
 [1 1 1 1 1 1 1 1 1 1]]
Available: [ 0  7  5  8  6  4  6  8 11  3]
------------------------------------------------------------
Process 10 is requesting resources: [2 0 1 2 0 1 1 1 1 1]
Process 10 is requesting more than available resources:
Request:   [2 0 1 2 0 1 1 1 1 1]
Available: [ 0  7  5  8  6  4  6  8 11  3]
Invalid request. Allocation rejected.
Current state of the system resources:
Total: [25 30 20 35 28 24 32 26 30 20]
Allocated:
[[2 1 1 3 1 1 3 2 1 1]
 [3 3 0 4 2 3 2 2 2 1]
 [6 2 3 3 3 2 5 2 2 3]
 [2 2 1 3 1 2 2 2 2 1]
 [2 2 1 3 2 2 2 1 2 2]
 [0 2 1 1 1 1 0 1 0 1]
 [1 1 1 0 1 0 2 1 2 0]
 [2 0 0 1 1 2 1 1 1 1]
 [1 2 1 2 1 1 2 2 2 2]
 [0 1 2 0 2 1 1 1 0 0]
 [2 2 0 3 1 0 2 0 1 1]
 [1 1 1 1 2 1 0 1 1 0]
 [2 1 1 2 2 1 1 1 0 1]
 [1 1 0 1 1 1 1 1 2 1]
 [0 2 2 0 1 2 2 0 1 2]]
Maximum demand:
[[3 2 2 5 2 2 4 3 2 2]
 [3 3 1 4 3 3 3 2 2 2]
 [6 2 3 4 4 2 5 2 2 3]
 [5 3 2 5 2 3 3 3 3 2]
 [2 2 1 3 2 2 2 1 2 2]
 [1 3 2 2 2 2 1 2 1 2]
 [3 2 2 1 2 1 3 2 3 1]
 [3 1 1 3 2 3 2 2 2 2]
 [2 3 2 3 2 2 3 3 3 3]
 [1 2 3 1 3 2 2 2 1 1]
 [4 3 1 5 2 1 3 1 2 2]
 [2 2 2 3 3 2 1 2 2 1]
 [4 1 2 4 3 2 3 2 1 2]
 [2 2 1 2 2 2 2 2 3 2]
 [1 3 3 1 2 3 3 1 2 3]]
Need:
[[1 1 1 2 1 1 1 1 1 1]
 [0 0 1 0 1 0 1 0 0 1]
 [0 0 0 1 1 0 0 0 0 0]
 [3 1 1 2 1 1 1 1 1 1]
 [0 0 0 0 0 0 0 0 0 0]
 [1 1 1 1 1 1 1 1 1 1]
 [2 1 1 1 1 1 1 1 1 1]
 [1 1 1 2 1 1 1 1 1 1]
 [1 1 1 1 1 1 1 1 1 1]
 [1 1 1 1 1 1 1 1 1 1]
 [2 1 1 2 1 1 1 1 1 1]
 [1 1 1 2 1 1 1 1 1 1]
 [2 0 1 2 1 1 2 1 1 1]
 [1 1 1 1 1 1 1 1 1 1]
 [1 1 1 1 1 1 1 1 1 1]]
Available: [ 0  7  5  8  6  4  6  8 11  3]
------------------------------------------------------------
Process 11 is requesting resources: [1 1 1 1 1 1 0 1 1 1]
Process 11 is requesting more than available resources:
Request:   [1 1 1 1 1 1 0 1 1 1]
Available: [ 0  7  5  8  6  4  6  8 11  3]
Invalid request. Allocation rejected.
Current state of the system resources:
Total: [25 30 20 35 28 24 32 26 30 20]
Allocated:
[[2 1 1 3 1 1 3 2 1 1]
 [3 3 0 4 2 3 2 2 2 1]
 [6 2 3 3 3 2 5 2 2 3]
 [2 2 1 3 1 2 2 2 2 1]
 [2 2 1 3 2 2 2 1 2 2]
 [0 2 1 1 1 1 0 1 0 1]
 [1 1 1 0 1 0 2 1 2 0]
 [2 0 0 1 1 2 1 1 1 1]
 [1 2 1 2 1 1 2 2 2 2]
 [0 1 2 0 2 1 1 1 0 0]
 [2 2 0 3 1 0 2 0 1 1]
 [1 1 1 1 2 1 0 1 1 0]
 [2 1 1 2 2 1 1 1 0 1]
 [1 1 0 1 1 1 1 1 2 1]
 [0 2 2 0 1 2 2 0 1 2]]
Maximum demand:
[[3 2 2 5 2 2 4 3 2 2]
 [3 3 1 4 3 3 3 2 2 2]
 [6 2 3 4 4 2 5 2 2 3]
 [5 3 2 5 2 3 3 3 3 2]
 [2 2 1 3 2 2 2 1 2 2]
 [1 3 2 2 2 2 1 2 1 2]
 [3 2 2 1 2 1 3 2 3 1]
 [3 1 1 3 2 3 2 2 2 2]
 [2 3 2 3 2 2 3 3 3 3]
 [1 2 3 1 3 2 2 2 1 1]
 [4 3 1 5 2 1 3 1 2 2]
 [2 2 2 3 3 2 1 2 2 1]
 [4 1 2 4 3 2 3 2 1 2]
 [2 2 1 2 2 2 2 2 3 2]
 [1 3 3 1 2 3 3 1 2 3]]
Need:
[[1 1 1 2 1 1 1 1 1 1]
 [0 0 1 0 1 0 1 0 0 1]
 [0 0 0 1 1 0 0 0 0 0]
 [3 1 1 2 1 1 1 1 1 1]
 [0 0 0 0 0 0 0 0 0 0]
 [1 1 1 1 1 1 1 1 1 1]
 [2 1 1 1 1 1 1 1 1 1]
 [1 1 1 2 1 1 1 1 1 1]
 [1 1 1 1 1 1 1 1 1 1]
 [1 1 1 1 1 1 1 1 1 1]
 [2 1 1 2 1 1 1 1 1 1]
 [1 1 1 2 1 1 1 1 1 1]
 [2 0 1 2 1 1 2 1 1 1]
 [1 1 1 1 1 1 1 1 1 1]
 [1 1 1 1 1 1 1 1 1 1]]
Available: [ 0  7  5  8  6  4  6  8 11  3]
------------------------------------------------------------
